   1.0000000e-01   6.8205496e-02   4.7571700e-02   5.5388595e-02   5.6972460e-02   2.1719993e-02
   2.0000000e-01   6.2580744e-02   4.3568950e-02   5.2208415e-02   5.8689696e-02   3.2386433e-02
   3.0000000e-01   7.0374426e-02   4.7297400e-02   7.1611635e-02   5.2805243e-02   1.6321927e-02
   4.0000000e-01   7.8310476e-02   4.9771310e-02   5.3026425e-02   5.2421278e-02   8.2549622e-03
   5.0000000e-01   7.6442115e-02   3.9384870e-02   6.2062735e-02   5.4973111e-02   2.6891863e-02
   6.0000000e-01   8.5819927e-02   4.5246710e-02   5.4408505e-02   5.0713690e-02   2.7223303e-02
   7.0000000e-01   9.2993737e-02   4.5931500e-02   5.0703885e-02   5.8535778e-02   1.0399655e-02
   8.0000000e-01   9.5333407e-02   2.7644518e-02   5.2218725e-02   6.0379293e-02   3.0135973e-02
   9.0000000e-01   6.4572399e-02   3.9501790e-02   4.7597195e-02   5.4695550e-02   2.0610733e-02
   1.0000000e+00   6.6883733e-02   5.9169710e-02   5.8495715e-02   5.9172079e-02   2.9053963e-02
   1.1000000e+00   5.8060117e-02   4.9957540e-02   6.3290445e-02   6.2726643e-02   1.2430532e-02
   1.2000000e+00   5.5686577e-02   4.9184560e-02   5.6947465e-02   5.7971440e-02   2.5236703e-02
   1.3000000e+00   5.1633137e-02   5.7830660e-02   6.9955155e-02   4.4661244e-02   2.0776793e-02
   1.4000000e+00   5.5773667e-02   5.8757130e-02   6.8254605e-02   5.1356434e-02   2.5045603e-02
   1.5000000e+00   4.6555757e-02   4.9184480e-02   6.1098235e-02   5.2605653e-02   2.6966523e-02
   1.6000000e+00   5.7192127e-02   6.1221880e-02   6.6226425e-02   5.5652136e-02   2.1857053e-02
   1.7000000e+00   5.1733517e-02   4.2608070e-02   6.7103035e-02   5.4203102e-02   1.8106403e-02
   1.8000000e+00   6.0256707e-02   4.3239780e-02   6.7243285e-02   4.8874531e-02   2.0594173e-02
   1.9000000e+00   5.9714107e-02   4.5842730e-02   6.2225215e-02   5.5586904e-02   1.2390767e-02
   2.0000000e+00   5.8535987e-02   3.6995510e-02   5.4441595e-02   5.2727732e-02   6.9233262e-03
   2.1000000e+00   6.7604421e-02   4.3638030e-02   5.2104655e-02   5.0935740e-02   9.1260392e-03
   2.2000000e+00   6.9740486e-02   5.6635880e-02   5.9425805e-02   5.2715859e-02   6.4268191e-03
   2.3000000e+00   6.3995944e-02   4.1907300e-02   5.4948625e-02   4.3884601e-02   4.1804802e-03
   2.4000000e+00   6.4373696e-02   2.4333158e-02   5.6840835e-02   5.5694987e-02   4.2394722e-03
   2.5000000e+00   6.0908007e-02   4.3969080e-02   6.0242955e-02   4.4317074e-02   5.1794332e-03
   2.6000000e+00   5.9564797e-02   4.1476260e-02   5.6772045e-02   5.1191637e-02   1.0948022e-03
   2.7000000e+00   5.2661677e-02   4.4248680e-02   9.3798515e-02   4.9132650e-02  -3.2955818e-03
   2.8000000e+00   5.3639247e-02   2.6473921e-02   5.4679635e-02   5.1302447e-02  -6.3300968e-03
   2.9000000e+00   5.3525387e-02   2.8321194e-02   5.0479325e-02   5.7659999e-02   5.3499884e-03
   3.0000000e+00   6.0428607e-02   1.8052445e-02   5.1684895e-02   4.9546530e-02   8.7994824e-04
   3.1000000e+00   5.5814797e-02   1.5390778e-02   5.6807925e-02   4.9697211e-02   2.0177272e-03
   3.2000000e+00   5.7897377e-02   2.1906610e-02   4.9283705e-02   5.1593629e-02   1.2964584e-02
   3.3000000e+00   5.6918247e-02   1.6782088e-02   4.7504585e-02   5.3286006e-02   1.0783423e-02
   3.4000000e+00   6.1163385e-02   1.2057503e-02   5.4545275e-02   5.0239611e-02   1.4153265e-02
   3.5000000e+00   9.0358297e-02   2.9377467e-02   5.1954025e-02   5.4320105e-02   4.5548222e-03
   3.6000000e+00   8.0719786e-02   2.0627819e-02   4.5436565e-02   5.3588935e-02   8.7678624e-04
   3.7000000e+00   6.8676511e-02   2.5436538e-02   4.8005725e-02   5.0512205e-02   5.7301193e-03
   3.8000000e+00   6.1947793e-02   1.9973759e-02   3.9847996e-02   4.5625851e-02   6.1834684e-03
   3.9000000e+00   6.6031896e-02   3.2741590e-02   5.6251805e-02   5.2883225e-02  -3.3813888e-03
   4.0000000e+00   6.4352413e-02   3.6172930e-02   4.8601605e-02   4.8669549e-02   8.8998842e-03
   4.1000000e+00   4.8036557e-02   3.5708980e-02   6.6368335e-02   4.6880405e-02  -2.6121768e-03
   4.2000000e+00   4.6291967e-02   3.6961250e-02   6.3399685e-02   4.9343859e-02   1.1213463e-02
   4.3000000e+00   5.2981787e-02   4.7773670e-02   5.4605015e-02   4.5655021e-02   1.5739215e-02
   4.4000000e+00   4.7326357e-02   4.0613950e-02   4.2396535e-02   4.9362383e-02   6.6442448e-03
   4.5000000e+00   8.7106267e-02   5.2287000e-02   4.3062595e-02   5.2151648e-02   9.4653492e-03
   4.6000000e+00   7.8431057e-02   5.2274980e-02   5.5763125e-02   5.2990310e-02   5.1896792e-03
   4.7000000e+00   3.3248747e-02   3.6647750e-02   6.3756365e-02   5.4651743e-02   1.0491501e-02
   4.8000000e+00   2.7281917e-02   2.7923522e-02   6.4275495e-02   5.0411689e-02   1.1956314e-02
   4.9000000e+00   5.5353447e-02   4.4805180e-02   6.4789715e-02   4.7737035e-02   1.5270547e-02
   5.0000000e+00   5.7897537e-02   4.7928920e-02   6.3321955e-02   4.2844936e-02   1.8097953e-02
   5.1000000e+00   4.5466207e-02   4.4648210e-02   6.7167245e-02   5.7113840e-02   2.2265423e-02
   5.2000000e+00   9.5679677e-02   3.9781650e-02   5.7618865e-02   5.0968894e-02   1.8947873e-02
   5.3000000e+00   9.7254697e-02   5.3172610e-02   6.9939145e-02   5.4100547e-02   2.7145603e-02
   5.4000000e+00   6.6911230e-02   5.4596490e-02   7.8612165e-02   5.5505591e-02   1.4675413e-02
   5.5000000e+00   5.2650427e-02   5.1571560e-02   5.9693385e-02   5.8332314e-02   2.1063053e-02
   5.6000000e+00   7.0734915e-02   5.4930950e-02   5.6512135e-02   5.0691905e-02   2.0920373e-02
   5.7000000e+00   8.6459907e-02   6.5416930e-02   6.0858835e-02   5.5422775e-02   1.5752936e-02
   5.8000000e+00   7.9686716e-02   6.1960410e-02   4.6432015e-02   4.9366111e-02   8.2500802e-03
   5.9000000e+00   4.1836877e-02   5.2355810e-02   4.9295045e-02   5.0461910e-02   1.0648583e-02
   6.0000000e+00   5.8268047e-02   5.1143490e-02   4.3144805e-02   5.3336900e-02   1.0611175e-02
   6.1000000e+00   4.8596787e-02   6.2503230e-02   5.4019455e-02   4.7967851e-02   2.9950222e-03
   6.2000000e+00   9.0249227e-02   5.6834570e-02   5.2527815e-02   5.5873144e-02   6.1930808e-03
   6.3000000e+00   8.7270147e-02   5.9605530e-02   5.6630155e-02   5.8376983e-02   1.6394842e-03
   6.4000000e+00   8.6450377e-02   6.9351010e-02   4.6968535e-02   5.8319499e-02   9.9751922e-03
   6.5000000e+00   5.5200577e-02   6.1211590e-02   5.1707245e-02   5.8932874e-02   3.7517842e-03
   6.6000000e+00   6.5153131e-02   6.0803900e-02   6.2878595e-02   6.7971933e-02   1.2330962e-03
   6.7000000e+00   5.6248577e-02   6.4701450e-02   6.2606065e-02   7.1751063e-02   4.0027702e-03
   6.8000000e+00   6.0516217e-02   5.6626820e-02   4.1882535e-02   8.1123263e-02   1.5259082e-03
   6.9000000e+00   6.0673097e-02   6.2981520e-02   6.6381985e-02   7.6207813e-02   5.4332010e-03
   7.0000000e+00   8.8693747e-02   7.1425800e-02   5.7579415e-02   8.2933223e-02   4.5159252e-03
   7.1000000e+00   8.7921987e-02   4.7122060e-02   5.3904805e-02   7.9925233e-02   1.2147921e-02
   7.2000000e+00   5.6054427e-02   7.0395530e-02   4.9254325e-02   8.4454273e-02  -9.5150368e-03
   7.3000000e+00   8.3221397e-02   5.1746670e-02   5.3719185e-02   8.8402173e-02   4.5681672e-03
   7.4000000e+00   9.8777177e-02   5.5883920e-02   5.0265265e-02   9.0309573e-02   8.7561862e-03
   7.5000000e+00   1.0332964e-01   4.4800260e-02   4.9656485e-02   9.0813573e-02   1.1246395e-02
   7.6000000e+00   7.1033725e-02   5.2434470e-02   4.6570905e-02   8.5374283e-02   9.8113032e-03
   7.7000000e+00   6.8082089e-02   4.9655810e-02   5.5714665e-02   9.0008373e-02   2.1525623e-02
   7.8000000e+00   4.7359967e-02   5.2004520e-02   5.4139735e-02   7.9274383e-02   2.7833963e-02
   7.9000000e+00   5.2557467e-02   5.6496000e-02   6.0178345e-02   7.4330023e-02   2.8042903e-02
   8.0000000e+00   3.4648067e-02   5.7296820e-02   4.1551805e-02   8.6576813e-02   2.5321043e-02
   8.1000000e+00   9.2181927e-02   5.1021810e-02   5.3905145e-02   7.6627593e-02   3.5959163e-02
   8.2000000e+00   6.3077968e-02   3.9378680e-02   5.4750085e-02   6.9374483e-02   3.1215183e-02
   8.3000000e+00   7.6810358e-02   3.6947930e-02   5.8656775e-02   7.6075563e-02   3.1689563e-02
   8.4000000e+00   6.9457993e-02   4.3209480e-02   5.7155275e-02   7.3349643e-02   3.0026133e-02
   8.5000000e+00   8.9120627e-02   5.4626200e-02   7.2537165e-02   5.6084630e-02   3.9320593e-02
   8.6000000e+00   9.0744477e-02   5.2374970e-02   6.9499015e-02   7.6431073e-02   5.7171163e-02
   8.7000000e+00   7.7841282e-02   5.4662400e-02   7.4237285e-02   6.4656973e-02   6.8235153e-02
   8.8000000e+00   6.8734138e-02   5.6110670e-02   7.6652555e-02   5.3742594e-02   7.1412853e-02
   8.9000000e+00   6.5252489e-02   6.0899300e-02   6.9862295e-02   5.8590059e-02   7.5968393e-02
   9.0000000e+00   5.9957577e-02   5.6501640e-02   5.7903635e-02   5.8324717e-02   7.2869673e-02
   9.1000000e+00   5.5306417e-02   6.7907430e-02   6.4405415e-02   5.6021798e-02   7.2294193e-02
   9.2000000e+00   5.7522327e-02   6.1954460e-02   6.0914975e-02   5.4180783e-02   6.9879993e-02
   9.3000000e+00   5.7639137e-02   5.7723870e-02   5.4197975e-02   5.4776567e-02   7.3787143e-02
   9.4000000e+00   6.5014755e-02   5.0784280e-02   4.8659575e-02   5.3516412e-02   6.8013543e-02
   9.5000000e+00   2.6498397e-02   4.8788120e-02   6.2041635e-02   5.6123061e-02   5.9869733e-02
   9.6000000e+00   7.0241676e-02   6.5788940e-02   5.4112665e-02   8.6859453e-02   6.8207503e-02
   9.7000000e+00   8.3954417e-02   6.4132200e-02   5.7859655e-02   9.1051603e-02   7.4077653e-02
   9.8000000e+00   8.8866487e-02   5.7477160e-02   5.5792085e-02   8.0802473e-02   6.4806763e-02
   9.9000000e+00   9.3270297e-02   5.2309360e-02   5.1922485e-02   9.2083753e-02   4.8481943e-02
   1.0000000e+01   1.0686589e-01   6.1926290e-02   5.5183675e-02   9.8740603e-02   4.8831113e-02
   1.0100000e+01   1.1878401e-01   5.9003380e-02   4.5815795e-02   8.6886513e-02   5.7194593e-02
   1.0200000e+01   1.3053697e-01   5.9381900e-02   5.5638565e-02   9.4445403e-02   6.0318683e-02
   1.0300000e+01   1.2838810e-01   5.9057790e-02   4.0309095e-02   8.8008273e-02   5.3167453e-02
   1.0400000e+01   1.4822109e-01   6.5760460e-02   4.3890975e-02   7.3273643e-02   2.9660193e-02
   1.0500000e+01   1.4608294e-01   7.4491960e-02   5.3252285e-02   8.3279613e-02   3.6008533e-02
   1.0600000e+01   1.2065105e-01   5.3999620e-02   3.7859497e-02   7.9684423e-02   3.2513693e-02
   1.0700000e+01   1.2306463e-01   5.9798730e-02   4.2026815e-02   6.4785903e-02   3.1177973e-02
   1.0800000e+01   1.3504539e-01   6.7729130e-02   3.7747110e-02   7.1830393e-02   4.1442193e-02
   1.0900000e+01   1.3560222e-01   7.2210750e-02   2.9876476e-02   6.9203933e-02   3.5530933e-02
   1.1000000e+01   1.2468899e-01   6.9994610e-02   2.6948100e-02   6.1594233e-02   3.6068513e-02
   1.1100000e+01   1.1491041e-01   6.6880650e-02   2.7678866e-02   6.7993543e-02   3.8390383e-02
   1.1200000e+01   1.1897623e-01   6.4155430e-02   2.7241444e-02   6.1133903e-02   3.5865483e-02
   1.1300000e+01   1.1851534e-01   6.5221000e-02   2.8546245e-02   5.6609596e-02   3.7798093e-02
   1.1400000e+01   1.2078401e-01   5.9537600e-02   3.1462237e-02   6.3170543e-02   4.4725313e-02
   1.1500000e+01   1.2879664e-01   5.4210490e-02   3.2754138e-02   5.5932267e-02   4.4401263e-02
   1.1600000e+01   1.1972985e-01   6.6783250e-02   3.3197375e-02   4.8139375e-02   5.4104623e-02
   1.1700000e+01   1.2260500e-01   6.5001680e-02   3.1217853e-02   6.1014993e-02   6.9504713e-02
   1.1800000e+01   1.2648191e-01   7.2856910e-02   3.3421855e-02   6.1658833e-02   5.9944023e-02
   1.1900000e+01   1.3208606e-01   7.2547370e-02   3.1008397e-02   5.4337235e-02   6.9632133e-02
   1.2000000e+01   1.0502401e-01   7.7640000e-02   3.3512947e-02   5.2135389e-02   6.1244993e-02
   1.2100000e+01   1.0821546e-01   8.6560340e-02   2.9713738e-02   6.0158933e-02   6.6268513e-02
   1.2200000e+01   1.0541089e-01   8.3549000e-02   3.1465828e-02   5.9891283e-02   5.4897513e-02
   1.2300000e+01   1.0139565e-01   1.0113097e-01   2.1082149e-02   5.1798551e-02   5.6298143e-02
   1.2400000e+01   8.4088797e-02   9.6917280e-02   2.6515332e-02   5.9008698e-02   6.7420033e-02
   1.2500000e+01   8.7910287e-02   1.0006405e-01   3.0441576e-02   5.1770399e-02   7.6453343e-02
   1.2600000e+01   8.9786247e-02   1.0772259e-01   3.1670883e-02   4.3128306e-02   6.2268583e-02
   1.2700000e+01   9.5576317e-02   9.9012720e-02   3.1615013e-02   5.9921553e-02   7.2418913e-02
   1.2800000e+01   8.8123257e-02   1.0436111e-01   3.8038861e-02   5.6766700e-02   6.0248223e-02
   1.2900000e+01   9.1697267e-02   9.4373240e-02   3.6003122e-02   5.1805287e-02   7.9617503e-02
   1.3000000e+01   8.2747377e-02   9.5645560e-02   3.9381462e-02   5.9614683e-02   7.1917873e-02
   1.3100000e+01   8.5809007e-02   9.1786110e-02   3.9975872e-02   5.6081248e-02   7.0329893e-02
   1.3200000e+01   7.2515598e-02   9.8128160e-02   3.9883198e-02   4.5681152e-02   7.6294873e-02
   1.3300000e+01   7.1766546e-02   9.6540470e-02   4.7188575e-02   6.1255303e-02   7.1819933e-02
   1.3400000e+01   6.8362867e-02   1.0783228e-01   3.8404164e-02   4.9601371e-02   6.9256723e-02
   1.3500000e+01   8.7826967e-02   9.7701260e-02   3.7685935e-02   4.8067065e-02   6.3935043e-02
   1.3600000e+01   8.1110217e-02   1.1274545e-01   4.5158225e-02   6.0269683e-02   5.8473833e-02
   1.3700000e+01   8.5326837e-02   9.4365550e-02   5.2216075e-02   5.6678557e-02   5.6154993e-02
   1.3800000e+01   7.9726570e-02   1.0566764e-01   3.8597597e-02   4.6883269e-02   5.3760413e-02
   1.3900000e+01   9.2722167e-02   9.9664950e-02   4.5384885e-02   5.8898424e-02   5.9572903e-02
   1.4000000e+01   8.1064027e-02   1.1605693e-01   6.4518155e-02   5.2827412e-02   5.6390703e-02
   1.4100000e+01   8.3215517e-02   1.1232713e-01   6.1864755e-02   4.6704880e-02   4.8581173e-02
   1.4200000e+01   8.0608380e-02   9.7711770e-02   5.8384735e-02   6.0045023e-02   4.4640153e-02
   1.4300000e+01   8.2604517e-02   8.7019980e-02   6.8376535e-02   5.8048088e-02   5.2398973e-02
   1.4400000e+01   8.1081147e-02   1.1008139e-01   6.3837665e-02   5.1074116e-02   3.6123573e-02
   1.4500000e+01   9.0880857e-02   1.0788625e-01   6.7919995e-02   6.7247483e-02   4.2554923e-02
   1.4600000e+01   8.3491097e-02   1.0226513e-01   7.1267015e-02   4.9509364e-02   5.1335923e-02
   1.4700000e+01   8.8243837e-02   1.0586669e-01   7.1735965e-02   6.0710373e-02   3.4835193e-02
   1.4800000e+01   8.7879027e-02   1.0894666e-01   7.5256835e-02   6.1702263e-02   3.6284813e-02
   1.4900000e+01   1.0499623e-01   8.4008580e-02   6.6063275e-02   6.1411183e-02   2.7943423e-02
   1.5000000e+01   1.0574154e-01   9.8899780e-02   7.8049085e-02   5.7771873e-02   2.2770773e-02
   1.5100000e+01   1.0229971e-01   9.9233870e-02   7.6231275e-02   7.2530693e-02   2.1270653e-02
   1.5200000e+01   1.0107214e-01   8.8852070e-02   6.8747305e-02   6.3214883e-02   1.8839823e-02
   1.5300000e+01   1.0362687e-01   1.0230467e-01   6.8524905e-02   6.5150513e-02   1.5169353e-02
   1.5400000e+01   1.1361504e-01   9.6897830e-02   7.8653875e-02   7.2316603e-02   1.9631633e-02
   1.5500000e+01   1.1886154e-01   9.4382560e-02   8.1440565e-02   6.9972363e-02   1.9322483e-02
   1.5600000e+01   1.2366234e-01   7.6160560e-02   8.1174045e-02   5.8572190e-02   1.6026718e-02
   1.5700000e+01   1.2728043e-01   9.4161320e-02   7.2818055e-02   8.3830803e-02   2.7321173e-02
   1.5800000e+01   1.3079726e-01   9.1202950e-02   7.8649895e-02   9.7511003e-02   2.0794373e-02
   1.5900000e+01   1.1802753e-01   9.7076510e-02   6.3627625e-02   1.0350244e-01   4.2517543e-02
   1.6000000e+01   1.2101935e-01   9.9687700e-02   6.9815485e-02   1.1227093e-01   4.9071563e-02
   1.6100000e+01   1.2005290e-01   9.0530980e-02   7.4769635e-02   1.0281813e-01   4.0320883e-02
   1.6200000e+01   1.3326600e-01   1.0103585e-01   8.7819425e-02   1.1280625e-01   4.9514293e-02
   1.6300000e+01   1.3009446e-01   9.8074400e-02   9.5829085e-02   1.0677758e-01   4.4418963e-02
   1.6400000e+01   1.3096752e-01   8.9222620e-02   1.0498443e-01   1.0718210e-01   5.8077263e-02
   1.6500000e+01   1.3265074e-01   7.4577910e-02   1.0215903e-01   1.0824548e-01   5.1291853e-02
   1.6600000e+01   1.2283651e-01   4.3157830e-02   9.8213105e-02   9.9073743e-02   5.0316873e-02
   1.6700000e+01   1.0956593e-01   3.7677720e-02   1.0278241e-01   9.6348243e-02   4.5567213e-02
   1.6800000e+01   1.1974406e-01   4.3606150e-02   1.1837612e-01   9.4676513e-02   4.2696553e-02
   1.6900000e+01   1.1438325e-01   5.1024800e-02   1.2013584e-01   8.5095993e-02   4.0351893e-02
   1.7000000e+01   1.1821208e-01   5.7301300e-02   1.1745630e-01   9.3618973e-02   3.0488933e-02
   1.7100000e+01   1.1040662e-01   4.8186040e-02   1.1735741e-01   8.3025713e-02   2.2670203e-02
   1.7200000e+01   1.1167369e-01   4.5767110e-02   1.1359337e-01   8.3977473e-02   2.6439883e-02
   1.7300000e+01   1.0072054e-01   5.4225380e-02   1.2920987e-01   8.0781223e-02   1.8727243e-02
   1.7400000e+01   9.8909207e-02   4.3845390e-02   1.2356655e-01   7.6604023e-02   2.2585593e-02
   1.7500000e+01   8.9711437e-02   5.0919820e-02   1.1836320e-01   7.1627673e-02   2.6764753e-02
   1.7600000e+01   8.8253327e-02   2.2063248e-02   1.2244702e-01   7.2179053e-02   1.7000313e-02
   1.7700000e+01   8.7160357e-02   6.3279040e-02   1.2281673e-01   6.5433863e-02   1.1130721e-02
   1.7800000e+01   8.7516207e-02   2.9233896e-02   1.2425850e-01   7.5221273e-02   1.9286473e-02
   1.7900000e+01   9.0920707e-02   2.6321845e-02   1.1092135e-01   6.7344143e-02   8.4979432e-03
   1.8000000e+01   9.8065557e-02   4.0861150e-02   1.1217662e-01   7.9028193e-02   6.0729273e-03
   1.8100000e+01   1.0233498e-01   4.0948570e-02   1.0623410e-01   7.4143333e-02   5.4199587e-03
   1.8200000e+01   9.3854127e-02   2.6943863e-02   1.1597426e-01   7.4805843e-02   1.4839694e-02
   1.8300000e+01   9.5911537e-02   2.1185786e-02   1.2597855e-01   7.7456873e-02   6.8725615e-03
   1.8400000e+01   9.2525947e-02   2.1946284e-02   1.2736917e-01   7.4496853e-02   9.4416292e-03
   1.8500000e+01   8.4817617e-02   2.1209766e-02   1.2328447e-01   6.4436453e-02   9.1765662e-03
   1.8600000e+01   8.3820817e-02   1.3988262e-02   1.3522160e-01   7.5314203e-02   1.0270501e-02
   1.8700000e+01   8.2819277e-02   2.6505448e-02   1.3235050e-01   7.2225933e-02   1.1539004e-02
   1.8800000e+01   1.0021887e-01   3.4417830e-02   1.3371020e-01   6.2916793e-02   2.4844773e-02
   1.8900000e+01   1.0603659e-01   3.6848100e-02   1.2167706e-01   6.8999273e-02   1.9630953e-02
   1.9000000e+01   1.2483821e-01   3.5527620e-02   1.2223053e-01   7.2492043e-02   2.6894653e-02
   1.9100000e+01   1.1960282e-01   3.7214910e-02   1.2007854e-01   5.7280699e-02   2.6420983e-02
   1.9200000e+01   1.0768928e-01   4.3606960e-02   1.2148227e-01   7.0074223e-02   2.0822933e-02
   1.9300000e+01   1.0189303e-01   3.4192540e-02   1.2256103e-01   6.6295413e-02   1.9393213e-02
   1.9400000e+01   9.3004687e-02   2.4268420e-02   1.2176289e-01   6.3778483e-02   2.4210533e-02
   1.9500000e+01   1.0216317e-01   4.1046700e-02   1.2868185e-01   7.0642123e-02   2.5296493e-02
   1.9600000e+01   1.0295543e-01   3.3044050e-02   1.2587544e-01   6.6243813e-02   3.1946023e-02
   1.9700000e+01   1.0232214e-01   3.4086460e-02   1.2914946e-01   7.2878173e-02   3.3210323e-02
   1.9800000e+01   9.9045327e-02   4.5141500e-02   1.3433000e-01   7.3211253e-02   2.7896963e-02
   1.9900000e+01   9.4905727e-02   3.6544510e-02   1.3165420e-01   6.3671713e-02   4.8941033e-02
   2.0000000e+01   1.0636028e-01   4.5007640e-02   1.2977355e-01   6.6623953e-02   3.7400593e-02
   2.0100000e+01   1.0268709e-01   3.5828500e-02   1.2146084e-01   6.5660903e-02   4.9056123e-02
   2.0200000e+01   8.8683297e-02   3.6381680e-02   1.3021340e-01   5.8045435e-02   5.3714443e-02
   2.0300000e+01   8.8595037e-02   3.9539120e-02   1.3289510e-01   6.4009313e-02   4.6475593e-02
   2.0400000e+01   9.3209187e-02   4.9996130e-02   1.3113010e-01   7.2302853e-02   4.8609043e-02
   2.0500000e+01   8.9197327e-02   3.8793380e-02   1.3305340e-01   5.8721675e-02   4.7946233e-02
   2.0600000e+01   9.4379357e-02   4.4005040e-02   1.3141430e-01   6.9847753e-02   5.0452623e-02
   2.0700000e+01   1.0088325e-01   4.1357640e-02   1.4407540e-01   7.2093293e-02   3.9977183e-02
   2.0800000e+01   9.9822077e-02   2.4864535e-02   1.4556740e-01   6.6032703e-02   4.4294723e-02
   2.0900000e+01   9.2395047e-02   3.4820140e-02   1.4202920e-01   8.7770693e-02   4.4056263e-02
   2.1000000e+01   1.0394159e-01   3.7900420e-02   1.5211130e-01   9.1880583e-02   3.9319883e-02
   2.1100000e+01   1.1068803e-01   2.7760935e-02   1.5633230e-01   9.6165133e-02   4.2390983e-02
   2.1200000e+01   1.1929162e-01   3.3694760e-02   1.6530580e-01   9.4667343e-02   4.2210153e-02
   2.1300000e+01   8.8745237e-02   4.0988340e-02   1.8015970e-01   9.2996503e-02   3.2472703e-02
   2.1400000e+01   7.8644491e-02   1.8451253e-02   1.7974680e-01   9.9564103e-02   3.3623743e-02
   2.1500000e+01   8.0603235e-02   2.9266219e-02   1.7583640e-01   9.9437303e-02   3.6097783e-02
   2.1600000e+01   7.2601320e-02   3.9758040e-02   1.7295710e-01   1.0365152e-01   2.7564723e-02
   2.1700000e+01   6.7514362e-02   4.0832120e-02   1.7212260e-01   1.0003399e-01   1.8743203e-02
   2.1800000e+01   7.1788055e-02   5.1228780e-02   1.6295050e-01   1.0607108e-01   2.5616113e-02
   2.1900000e+01   7.1450247e-02   5.7394030e-02   1.5717850e-01   1.0296295e-01   2.9885123e-02
   2.2000000e+01   7.0538679e-02   6.8810840e-02   1.5497580e-01   1.0272713e-01   2.0752753e-02
   2.2100000e+01   6.8880895e-02   6.7080680e-02   1.4803370e-01   9.7439783e-02   2.5296213e-02
   2.2200000e+01   7.2995297e-02   6.7129470e-02   1.4017850e-01   1.0451911e-01   2.2011483e-02
   2.2300000e+01   7.0937704e-02   6.4019900e-02   1.4051740e-01   9.7262183e-02   1.8253633e-02
   2.2400000e+01   6.8029136e-02   6.3428850e-02   1.5213200e-01   1.1075905e-01   1.4190806e-02
   2.2500000e+01   6.2144088e-02   7.5808010e-02   1.4972550e-01   1.1336388e-01   1.1416105e-02
   2.2600000e+01   6.0445777e-02   7.3064470e-02   1.5454850e-01   1.1019139e-01   2.0915043e-02
   2.2700000e+01   7.3369968e-02   8.0706140e-02   1.5387820e-01   1.1422720e-01   1.7489683e-02
   2.2800000e+01   7.3977481e-02   8.2473180e-02   1.4507970e-01   1.1080299e-01   1.0191327e-02
   2.2900000e+01   6.9951958e-02   7.1668690e-02   1.4919380e-01   1.0335460e-01   1.6093171e-02
   2.3000000e+01   7.3688905e-02   9.1799800e-02   1.4524300e-01   1.1042782e-01   1.2468151e-02
   2.3100000e+01   6.9439026e-02   8.7149120e-02   1.4155480e-01   1.1359835e-01   8.1977752e-03
   2.3200000e+01   7.4580914e-02   1.0415508e-01   1.4162950e-01   1.0903606e-01   1.7616223e-02
   2.3300000e+01   7.6099749e-02   1.0397046e-01   1.2132395e-01   1.1136148e-01   1.2329448e-02
   2.3400000e+01   7.1781081e-02   1.1041596e-01   1.2409585e-01   1.1018687e-01   1.5947498e-02
   2.3500000e+01   7.6980317e-02   1.2290762e-01   1.1126591e-01   1.0539983e-01   2.1656683e-02
   2.3600000e+01   7.6082033e-02   1.2707712e-01   1.2256132e-01   1.0773565e-01   2.1255603e-02
   2.3700000e+01   8.4777527e-02   1.2244502e-01   1.1125096e-01   1.0745022e-01   1.6018337e-02
   2.3800000e+01   8.6575367e-02   1.3839352e-01   1.1161550e-01   1.0805366e-01   2.1204173e-02
   2.3900000e+01   9.3816267e-02   1.4572672e-01   1.1039765e-01   1.0530881e-01   3.3700703e-02
   2.4000000e+01   7.9577009e-02   1.4504742e-01   1.1005266e-01   1.0894015e-01   3.0714633e-02
   2.4100000e+01   7.2852892e-02   1.4725542e-01   9.7587115e-02   1.0793004e-01   4.9386023e-02
   2.4200000e+01   7.9762862e-02   1.5946012e-01   1.0077517e-01   1.1050228e-01   5.8063373e-02
   2.4300000e+01   8.2950247e-02   1.6018332e-01   1.0202657e-01   1.0729001e-01   5.8928923e-02
   2.4400000e+01   8.1854927e-02   1.6243902e-01   1.0059641e-01   1.0650788e-01   7.1892793e-02
   2.4500000e+01   9.1054427e-02   1.7171042e-01   1.0317554e-01   1.0584043e-01   7.8434953e-02
   2.4600000e+01   8.6898547e-02   1.6540122e-01   9.7969475e-02   1.0020303e-01   9.5886203e-02
   2.4700000e+01   9.6226317e-02   1.6822182e-01   1.1194009e-01   1.0376636e-01   7.6840123e-02
   2.4800000e+01   9.7377447e-02   1.7225942e-01   1.1652522e-01   9.5701913e-02   8.5548623e-02
   2.4900000e+01   9.1009397e-02   1.7518372e-01   1.2536330e-01   1.0481160e-01   8.9875203e-02
   2.5000000e+01   8.0655109e-02   1.7477402e-01   1.2812173e-01   9.1707923e-02   9.0367503e-02
   2.5100000e+01   8.5644167e-02   1.7472892e-01   1.3727610e-01   1.0136686e-01   8.5913553e-02
   2.5200000e+01   7.5222590e-02   1.8032922e-01   1.4403150e-01   9.6712593e-02   8.2786613e-02
   2.5300000e+01   7.7936486e-02   1.7836202e-01   1.3163400e-01   9.5723973e-02   9.2498913e-02
   2.5400000e+01   9.5938027e-02   1.8410882e-01   1.4101130e-01   8.8202243e-02   8.8328123e-02
   2.5500000e+01   9.8655137e-02   1.8376382e-01   1.3350710e-01   9.6988793e-02   9.1740833e-02
   2.5600000e+01   1.0075349e-01   1.9007212e-01   1.4599720e-01   9.7896113e-02   8.8779133e-02
   2.5700000e+01   1.1141205e-01   2.0242632e-01   1.4282200e-01   8.8624903e-02   8.6911333e-02
   2.5800000e+01   1.0795130e-01   1.9786162e-01   1.4139930e-01   9.8713753e-02   9.2871053e-02
   2.5900000e+01   1.0071630e-01   2.0525872e-01   1.5249330e-01   9.1478413e-02   9.5648913e-02
   2.6000000e+01   9.9345897e-02   2.1111312e-01   1.4658820e-01   9.1485713e-02   9.9512683e-02
   2.6100000e+01   9.7380187e-02   2.0537872e-01   1.4075590e-01   1.0065423e-01   9.0255553e-02
   2.6200000e+01   8.9574587e-02   2.1949442e-01   1.5008630e-01   9.0467503e-02   9.5091583e-02
   2.6300000e+01   8.5937127e-02   2.2024622e-01   1.4414880e-01   1.0533182e-01   8.6443803e-02
   2.6400000e+01   8.3071937e-02   2.2030522e-01   1.5094380e-01   9.8037383e-02   9.3838073e-02
   2.6500000e+01   6.5168098e-02   2.2136142e-01   1.3432170e-01   1.0659010e-01   9.2935393e-02
   2.6600000e+01   7.8449268e-02   2.1284222e-01   1.4130660e-01   1.0799668e-01   9.6276603e-02
   2.6700000e+01   8.3591087e-02   2.3134362e-01   1.3940670e-01   1.0440665e-01   8.5272753e-02
   2.6800000e+01   8.8845897e-02   2.2565242e-01   1.2762898e-01   1.0369900e-01   7.9636573e-02
   2.6900000e+01   8.1647977e-02   2.3978202e-01   1.3277680e-01   9.8200643e-02   1.0317981e-01
   2.7000000e+01   8.8686657e-02   2.4639762e-01   1.2457629e-01   1.0859818e-01   8.7388273e-02
   2.7100000e+01   9.1035957e-02   2.4545652e-01   1.3207220e-01   1.0169111e-01   9.8547283e-02
   2.7200000e+01   9.0628967e-02   2.5812882e-01   1.4036980e-01   1.0341750e-01   9.5523123e-02
   2.7300000e+01   8.4710087e-02   2.5445272e-01   1.4441970e-01   1.0657966e-01   9.1775363e-02
   2.7400000e+01   9.0143307e-02   2.6007782e-01   1.4949970e-01   9.7635153e-02   9.7416823e-02
   2.7500000e+01   8.9762847e-02   2.8399592e-01   1.5026130e-01   1.0682847e-01   9.4136383e-02
   2.7600000e+01   7.2790780e-02   2.8185792e-01   1.5631990e-01   9.3834543e-02   9.3333723e-02
   2.7700000e+01   6.8596586e-02   2.9181172e-01   1.5456470e-01   1.0059862e-01   1.0194183e-01
   2.7800000e+01   6.5616502e-02   3.0333272e-01   1.5700990e-01   1.0705885e-01   9.7072213e-02
   2.7900000e+01   7.2122138e-02   2.9625972e-01   1.5437700e-01   9.5803613e-02   1.0325925e-01
   2.8000000e+01   6.8930320e-02   2.9773062e-01   1.5402550e-01   1.1455447e-01   1.0310133e-01
   2.8100000e+01   6.8822855e-02   3.1748672e-01   1.3967480e-01   1.1266834e-01   1.0369129e-01
   2.8200000e+01   6.5729910e-02   3.1782322e-01   1.4488370e-01   1.2732072e-01   9.6852233e-02
   2.8300000e+01   6.8402155e-02   3.2134622e-01   1.4505500e-01   1.2136916e-01   1.1363571e-01
   2.8400000e+01   7.8841672e-02   3.2501752e-01   1.3996880e-01   1.2900469e-01   1.2606181e-01
   2.8500000e+01   7.5387843e-02   3.2437792e-01   1.4237130e-01   1.2048632e-01   1.3294511e-01
   2.8600000e+01   6.7517582e-02   3.3368352e-01   1.4794320e-01   1.3679495e-01   1.2376511e-01
   2.8700000e+01   6.7412940e-02   3.2907042e-01   1.3541150e-01   1.2094787e-01   1.3660861e-01
   2.8800000e+01   6.2551398e-02   3.2133632e-01   1.4391740e-01   1.2845123e-01   1.4149041e-01
   2.8900000e+01   7.2475113e-02   3.2826052e-01   1.4067080e-01   1.2159838e-01   1.5459241e-01
   2.9000000e+01   5.7169457e-02   3.2360082e-01   1.4030190e-01   1.2290712e-01   1.5732611e-01
   2.9100000e+01   5.7075417e-02   3.1667852e-01   1.3613550e-01   1.1770061e-01   1.6096641e-01
   2.9200000e+01   5.2241047e-02   3.2242152e-01   1.2732478e-01   1.1556560e-01   1.6741531e-01
   2.9300000e+01   7.0890196e-02   3.1952492e-01   1.2701279e-01   1.1035905e-01   1.6329571e-01
   2.9400000e+01   7.3018428e-02   3.2358032e-01   1.1763821e-01   1.0776755e-01   1.6229371e-01
   2.9500000e+01   7.7481435e-02   3.2223622e-01   1.3381560e-01   1.1405782e-01   1.4857401e-01
   2.9600000e+01   9.2722167e-02   3.2171722e-01   1.2465597e-01   1.1672430e-01   1.5640411e-01
   2.9700000e+01   8.4927817e-02   3.3908152e-01   1.2094455e-01   1.1334287e-01   1.4959481e-01
   2.9800000e+01   8.8226217e-02   3.2756462e-01   1.2530775e-01   1.1098816e-01   1.4812251e-01
   2.9900000e+01   8.0249643e-02   3.3589312e-01   1.2259619e-01   1.1473541e-01   1.4775701e-01
   3.0000000e+01   8.2940687e-02   3.4490652e-01   1.1728164e-01   1.1155841e-01   1.4752021e-01
   3.0100000e+01   9.0703217e-02   3.2892452e-01   1.2108241e-01   1.0782718e-01   1.4329721e-01
   3.0200000e+01   1.0723882e-01   3.4214992e-01   1.1582121e-01   1.0022962e-01   1.3644111e-01
   3.0300000e+01   1.0990154e-01   3.3276292e-01   1.2767278e-01   1.0181187e-01   1.3107941e-01
   3.0400000e+01   1.0895474e-01   3.4225242e-01   1.3577730e-01   8.7687143e-02   1.2748871e-01
   3.0500000e+01   8.7592257e-02   3.4354982e-01   1.3565670e-01   9.9859383e-02   1.2235111e-01
   3.0600000e+01   8.4102787e-02   3.5635042e-01   1.3809340e-01   1.0020295e-01   1.0715591e-01
   3.0700000e+01   8.8846167e-02   3.5163212e-01   1.4470000e-01   1.0577713e-01   1.0665911e-01
   3.0800000e+01   9.6716717e-02   3.6462222e-01   1.5434250e-01   9.6167203e-02   1.0246933e-01
   3.0900000e+01   1.0908229e-01   3.5919502e-01   1.5972610e-01   8.6472593e-02   9.3500903e-02
   3.1000000e+01   1.0188034e-01   3.7221482e-01   1.5962380e-01   1.0004668e-01   1.0011404e-01
   3.1100000e+01   9.0790007e-02   3.7694682e-01   1.7208650e-01   8.5891193e-02   9.9494593e-02
   3.1200000e+01   8.2114857e-02   3.6566262e-01   1.6750290e-01   9.9528953e-02   9.5933353e-02
   3.1300000e+01   7.9552310e-02   3.6952652e-01   1.7358850e-01   9.4355503e-02   8.7017913e-02
   3.1400000e+01   7.9815388e-02   3.6762222e-01   1.6943300e-01   9.3792063e-02   8.7826693e-02
   3.1500000e+01   1.0262061e-01   3.5684902e-01   1.7028850e-01   9.8557313e-02   8.3968593e-02
   3.1600000e+01   9.4677177e-02   3.7054432e-01   1.6598360e-01   8.6949193e-02   8.6348343e-02
   3.1700000e+01   1.0896330e-01   3.6217872e-01   1.6638180e-01   9.5219063e-02   8.5807983e-02
   3.1800000e+01   1.1036744e-01   3.6567202e-01   1.5989740e-01   9.2913053e-02   7.6945123e-02
   3.1900000e+01   1.1485776e-01   3.6225092e-01   1.6634580e-01   9.1226933e-02   7.4710603e-02
   3.2000000e+01   1.2109255e-01   3.5841162e-01   1.5699200e-01   9.7579953e-02   7.0005403e-02
   3.2100000e+01   1.1757105e-01   3.4559392e-01   1.4829180e-01   8.8561303e-02   8.7134113e-02
   3.2200000e+01   1.0518699e-01   3.4129882e-01   1.5001970e-01   9.9682763e-02   7.4799873e-02
   3.2300000e+01   1.0440495e-01   3.5147222e-01   1.4299660e-01   9.5830883e-02   7.9689303e-02
   3.2400000e+01   9.6192097e-02   3.4175722e-01   1.3803550e-01   8.7516313e-02   7.7249173e-02
   3.2500000e+01   1.0364726e-01   3.2260022e-01   1.3865930e-01   1.0072125e-01   8.1257913e-02
   3.2600000e+01   1.1309874e-01   3.4432182e-01   1.2963221e-01   8.3834613e-02   7.3714963e-02
   3.2700000e+01   1.2065432e-01   3.4234782e-01   1.2204944e-01   1.0231963e-01   6.9360263e-02
   3.2800000e+01   1.0955197e-01   3.2017002e-01   1.2623736e-01   9.3025813e-02   8.4701803e-02
   3.2900000e+01   1.1223697e-01   3.3972592e-01   1.2225843e-01   8.5804483e-02   7.6665803e-02
   3.3000000e+01   1.0155032e-01   3.2505442e-01   1.1204557e-01   9.7746943e-02   8.2345063e-02
   3.3100000e+01   9.3170207e-02   3.1601942e-01   1.1374298e-01   8.4637183e-02   7.9720003e-02
   3.3200000e+01   8.4474757e-02   3.2581402e-01   1.1849871e-01   9.1072963e-02   7.9439243e-02
   3.3300000e+01   8.6003597e-02   3.3336192e-01   1.1514092e-01   9.3901563e-02   7.5518573e-02
   3.3400000e+01   9.4613987e-02   3.3114652e-01   1.2418740e-01   8.8042003e-02   8.1510223e-02
   3.3500000e+01   1.0784231e-01   3.2910202e-01   1.1522300e-01   9.8593693e-02   9.5170203e-02
   3.3600000e+01   1.0794563e-01   3.2568232e-01   1.2405822e-01   8.5253083e-02   1.0713981e-01
   3.3700000e+01   1.0052947e-01   3.3474682e-01   1.3505830e-01   9.8400633e-02   1.2375671e-01
   3.3800000e+01   9.4403817e-02   3.2429032e-01   1.3790430e-01   9.8415013e-02   1.2175171e-01
   3.3900000e+01   8.6432937e-02   3.1666322e-01   1.5069660e-01   8.9064983e-02   1.2491481e-01
   3.4000000e+01   8.0792307e-02   3.2728582e-01   1.5499070e-01   1.0622211e-01   1.2942321e-01
   3.4100000e+01   7.9822714e-02   3.2460502e-01   1.6287490e-01   9.6779243e-02   1.2415701e-01
   3.4200000e+01   9.3544687e-02   3.2692322e-01   1.6886200e-01   1.0426034e-01   1.3901071e-01
   3.4300000e+01   9.7405337e-02   3.2297992e-01   1.6496310e-01   1.0884689e-01   1.2411351e-01
   3.4400000e+01   8.9445757e-02   3.2082632e-01   1.6024120e-01   9.5984993e-02   1.2298791e-01
   3.4500000e+01   8.3804277e-02   3.2505892e-01   1.6389570e-01   1.1560387e-01   1.2946701e-01
   3.4600000e+01   7.7459273e-02   3.2732892e-01   1.5531200e-01   1.0660097e-01   1.2069241e-01
   3.4700000e+01   7.0587720e-02   3.1188542e-01   1.4878990e-01   1.2167807e-01   1.1774311e-01
   3.4800000e+01   6.7523392e-02   3.2670582e-01   1.5025280e-01   1.2281781e-01   1.1754071e-01
   3.4900000e+01   6.0880372e-02   3.1635892e-01   1.5328810e-01   1.1267458e-01   9.9852523e-02
   3.5000000e+01   6.8885388e-02   3.2197422e-01   1.3909630e-01   1.3130843e-01   9.8302193e-02
   3.5100000e+01   9.3480927e-02   3.1806372e-01   1.6052720e-01   1.1908859e-01   9.5226173e-02
   3.5200000e+01   9.2513727e-02   3.2672672e-01   1.4949160e-01   1.3571262e-01   9.0061033e-02
   3.5300000e+01   9.5168927e-02   3.2629682e-01   1.5534920e-01   1.2387998e-01   8.9248243e-02
   3.5400000e+01   7.8221605e-02   3.2305292e-01   1.4900690e-01   1.2320032e-01   7.9952443e-02
   3.5500000e+01   7.8748950e-02   3.2869782e-01   1.4875440e-01   1.3378922e-01   9.0410513e-02
   3.5600000e+01   7.6161591e-02   3.3530232e-01   1.3187940e-01   1.1771648e-01   8.1897363e-02
   3.5700000e+01   9.4072467e-02   3.3705372e-01   1.3604620e-01   1.3210525e-01   8.9767003e-02
   3.5800000e+01   9.9971537e-02   3.3724552e-01   1.3611620e-01   1.1426279e-01   9.2599403e-02
   3.5900000e+01   8.6696447e-02   3.3542322e-01   1.3622740e-01   1.2283762e-01   8.9402453e-02
   3.6000000e+01   9.5922657e-02   3.5362592e-01   1.3274430e-01   1.2882585e-01   9.8531753e-02
   3.6100000e+01   9.7911677e-02   3.5538712e-01   1.2793126e-01   1.1375627e-01   9.0235103e-02
   3.6200000e+01   9.3247447e-02   3.5633802e-01   1.2543293e-01   1.2213086e-01   9.8694043e-02
   3.6300000e+01   9.2943797e-02   3.5788852e-01   1.2972977e-01   1.1959032e-01   9.0547013e-02
   3.6400000e+01   8.1913167e-02   3.7828462e-01   1.3427660e-01   1.1512760e-01   9.0324703e-02
   3.6500000e+01   8.6945247e-02   3.7780282e-01   1.3738590e-01   1.2530950e-01   9.9153723e-02
   3.6600000e+01   8.0311343e-02   3.6325902e-01   1.3622450e-01   1.1723310e-01   9.6210983e-02
   3.6700000e+01   7.8414824e-02   3.7837642e-01   1.3226760e-01   1.2449174e-01   8.9960723e-02
   3.6800000e+01   8.4705847e-02   3.7004232e-01   1.3223160e-01   1.1935053e-01   9.8456583e-02
   3.6900000e+01   7.9222535e-02   3.8043502e-01   1.4270750e-01   1.1036199e-01   9.2527713e-02
   3.7000000e+01   7.5311818e-02   3.6658542e-01   1.3404730e-01   1.2288451e-01   8.6468263e-02
   3.7100000e+01   7.1379178e-02   3.6847142e-01   1.3715050e-01   1.1912264e-01   8.4799103e-02
   3.7200000e+01   6.9126962e-02   3.7703482e-01   1.4380610e-01   1.1614950e-01   8.9593863e-02
   3.7300000e+01   7.4502561e-02   3.7445832e-01   1.4404260e-01   1.2321357e-01   7.6212233e-02
   3.7400000e+01   7.1843171e-02   3.8820002e-01   1.5907890e-01   1.1002221e-01   7.6692523e-02
   3.7500000e+01   6.7530594e-02   3.8769342e-01   1.6021760e-01   1.2299259e-01   6.8694213e-02
   3.7600000e+01   6.8502025e-02   3.7705162e-01   1.6336330e-01   1.1651282e-01   5.5062543e-02
   3.7700000e+01   7.3276411e-02   3.7221892e-01   1.6975880e-01   1.2203168e-01   7.6997383e-02
   3.7800000e+01   6.8518398e-02   3.9003962e-01   1.5485530e-01   1.1000018e-01   7.1018643e-02
   3.7900000e+01   6.9084245e-02   3.7859472e-01   1.5321640e-01   1.1004656e-01   7.1878273e-02
   3.8000000e+01   7.1257278e-02   3.7659042e-01   1.5091180e-01   1.2187693e-01   6.6738663e-02
   3.8100000e+01   6.5555913e-02   3.7993522e-01   1.5571930e-01   1.1145829e-01   7.2995353e-02
   3.8200000e+01   6.6669696e-02   3.9011502e-01   1.4413150e-01   1.1131287e-01   6.9158653e-02
   3.8300000e+01   7.1571088e-02   3.9023512e-01   1.5117900e-01   1.1729856e-01   8.3004253e-02
   3.8400000e+01   7.8243599e-02   3.8170452e-01   1.4698800e-01   1.1471216e-01   6.9888383e-02
   3.8500000e+01   7.8121226e-02   3.9006632e-01   1.4825670e-01   1.2897899e-01   7.5576603e-02
   3.8600000e+01   7.6949951e-02   3.9026582e-01   1.4808120e-01   1.3365759e-01   7.2490873e-02
   3.8700000e+01   7.1778975e-02   3.8427722e-01   1.4880430e-01   1.4192407e-01   7.4731483e-02
   3.8800000e+01   7.0520497e-02   3.9125072e-01   1.4316860e-01   1.4066887e-01   7.9713923e-02
   3.8900000e+01   6.1764476e-02   4.1329302e-01   1.3883380e-01   1.4566722e-01   7.3987633e-02
   3.9000000e+01   5.8210977e-02   4.0748102e-01   1.4619260e-01   1.4867087e-01   7.4255673e-02
   3.9100000e+01   5.2804967e-02   4.0547262e-01   1.3337790e-01   1.3696074e-01   7.3939093e-02
   3.9200000e+01   5.4768977e-02   4.2286482e-01   1.4511150e-01   1.4729040e-01   7.3574833e-02
   3.9300000e+01   6.4895543e-02   4.0140992e-01   1.3224300e-01   1.3957105e-01   6.8699193e-02
   3.9400000e+01   7.7976415e-02   3.9697632e-01   1.4058230e-01   1.3997451e-01   7.6698823e-02
   3.9500000e+01   8.5738527e-02   4.1978032e-01   1.4050440e-01   1.3528664e-01   7.5409843e-02
   3.9600000e+01   8.7727037e-02   4.1552852e-01   1.3537490e-01   1.2807099e-01   9.2148123e-02
   3.9700000e+01   9.7442567e-02   4.0938762e-01   1.3312610e-01   1.4108839e-01   7.3333163e-02
   3.9800000e+01   9.8925937e-02   4.2479882e-01   1.3610320e-01   1.3782364e-01   8.0728943e-02
   3.9900000e+01   1.0821944e-01   4.1696832e-01   1.2744391e-01   1.4233813e-01   9.3559993e-02
   4.0000000e+01   1.0544625e-01   4.0129832e-01   1.4184710e-01   1.3338422e-01   7.3324553e-02
   4.0100000e+01   1.2165801e-01   4.1374372e-01   1.5219720e-01   1.4255939e-01   7.6695113e-02
   4.0200000e+01   1.2098876e-01   4.0343862e-01   1.5155730e-01   1.4743447e-01   7.6015013e-02
   4.0300000e+01   1.3213636e-01   4.0435212e-01   1.5352650e-01   1.4602077e-01   7.5866673e-02
   4.0400000e+01   1.1843834e-01   4.1079102e-01   1.6153560e-01   1.5309720e-01   9.0536573e-02
   4.0500000e+01   1.1649832e-01   3.8989482e-01   1.5015890e-01   1.5417770e-01   9.6390123e-02
   4.0600000e+01   1.1537179e-01   4.0616772e-01   1.5657280e-01   1.5463890e-01   1.0173922e-01
   4.0700000e+01   1.1828778e-01   4.1264302e-01   1.5560560e-01   1.4970020e-01   9.8810843e-02
   4.0800000e+01   1.2885559e-01   4.0629522e-01   1.5503930e-01   1.5131030e-01   1.0226805e-01
   4.0900000e+01   1.2106729e-01   4.1362182e-01   1.4552320e-01   1.5329670e-01   1.1193621e-01
   4.1000000e+01   1.2797356e-01   4.0134452e-01   1.6181790e-01   1.5118170e-01   1.0927351e-01
   4.1100000e+01   1.2530956e-01   4.0981422e-01   1.4445790e-01   1.4900495e-01   9.7090123e-02
   4.1200000e+01   1.3017659e-01   4.0197812e-01   1.5195960e-01   1.5069340e-01   9.8311403e-02
   4.1300000e+01   1.3149472e-01   4.1280452e-01   1.5060730e-01   1.4319411e-01   9.5352443e-02
   4.1400000e+01   1.4069070e-01   4.1154632e-01   1.5273000e-01   1.5281840e-01   7.6699683e-02
   4.1500000e+01   1.3857126e-01   3.9975682e-01   1.4898390e-01   1.4611758e-01   8.4068413e-02
   4.1600000e+01   1.4426328e-01   4.1323852e-01   1.5265170e-01   1.4163133e-01   8.5368663e-02
   4.1700000e+01   1.3272270e-01   4.1293772e-01   1.5793670e-01   1.4406813e-01   8.5434473e-02
   4.1800000e+01   1.3623392e-01   4.0396402e-01   1.5176280e-01   1.4741173e-01   7.1511233e-02
   4.1900000e+01   1.3333454e-01   4.1616192e-01   1.6015150e-01   1.3943723e-01   8.4755173e-02
   4.2000000e+01   1.3808730e-01   4.0513582e-01   1.6023730e-01   1.4825845e-01   7.6210993e-02
   4.2100000e+01   1.2680239e-01   3.9756682e-01   1.4811670e-01   1.3493164e-01   6.9955173e-02
   4.2200000e+01   1.3093971e-01   4.1812272e-01   1.5199570e-01   1.3844609e-01   6.4741123e-02
   4.2300000e+01   1.2659403e-01   3.9636342e-01   1.5557370e-01   1.3960373e-01   6.6983843e-02
   4.2400000e+01   1.2875993e-01   4.1726762e-01   1.5325060e-01   1.4098975e-01   6.3861253e-02
   4.2500000e+01   1.2846023e-01   4.1597012e-01   1.5411530e-01   1.4230799e-01   5.4426323e-02
   4.2600000e+01   1.1431169e-01   4.0818522e-01   1.5554940e-01   1.4003758e-01   4.9397583e-02
   4.2700000e+01   1.1014252e-01   4.2798612e-01   1.6020090e-01   1.4281951e-01   5.6075853e-02
   4.2800000e+01   1.0989344e-01   3.9810992e-01   1.6096710e-01   1.4958610e-01   4.7234463e-02
   4.2900000e+01   1.0882989e-01   4.1360302e-01   1.6169810e-01   1.5641000e-01   4.5005773e-02
   4.3000000e+01   1.1926254e-01   4.2429112e-01   1.6824160e-01   1.6175820e-01   3.8021283e-02
   4.3100000e+01   1.1299238e-01   4.2174752e-01   1.4884640e-01   1.5599150e-01   4.7402553e-02
   4.3200000e+01   1.0122898e-01   4.2939202e-01   1.5317120e-01   1.5755500e-01   3.2454813e-02
   4.3300000e+01   9.9641217e-02   4.2543822e-01   1.4664550e-01   1.5917390e-01   3.4231873e-02
   4.3400000e+01   9.1765407e-02   4.3155452e-01   1.4627410e-01   1.5442790e-01   3.5442443e-02
   4.3500000e+01   1.1172073e-01   4.4098702e-01   1.5085540e-01   1.5642790e-01   4.0171753e-02
   4.3600000e+01   1.1317357e-01   4.2508282e-01   1.4399990e-01   1.5654930e-01   3.3605733e-02
   4.3700000e+01   1.1562742e-01   4.3662832e-01   1.3819440e-01   1.5042960e-01   2.8004803e-02
   4.3800000e+01   1.1214128e-01   4.2988732e-01   1.3768370e-01   1.4684268e-01   3.2988633e-02
   4.3900000e+01   1.0498440e-01   4.4371602e-01   1.4886300e-01   1.4879209e-01   3.7475263e-02
   4.4000000e+01   1.0657112e-01   4.4888512e-01   1.5380810e-01   1.4823051e-01   3.7169333e-02
   4.4100000e+01   9.9581237e-02   4.3710712e-01   1.5052010e-01   1.4739278e-01   3.3707843e-02
   4.4200000e+01   9.7375977e-02   4.5368982e-01   1.5439900e-01   1.4147212e-01   3.1372913e-02
   4.4300000e+01   1.0150895e-01   4.5395522e-01   1.6079520e-01   1.4652237e-01   2.6663503e-02
   4.4400000e+01   1.0598899e-01   4.5116592e-01   1.6313370e-01   1.3606984e-01   2.2412023e-02
   4.4500000e+01   1.1026618e-01   4.6695982e-01   1.6140150e-01   1.4490876e-01   2.0474753e-02
   4.4600000e+01   1.1205175e-01   4.5341582e-01   1.6611620e-01   1.3761596e-01   2.9645283e-02
   4.4700000e+01   1.1363926e-01   4.7143942e-01   1.6218070e-01   1.3775523e-01   2.2158243e-02
   4.4800000e+01   1.1384952e-01   4.6006202e-01   1.6511130e-01   1.3824886e-01   2.6632813e-02
   4.4900000e+01   1.0961406e-01   4.5258342e-01   1.6514250e-01   1.3327345e-01   2.5226453e-02
   4.5000000e+01   9.3169777e-02   4.6857832e-01   1.6438200e-01   1.4303726e-01   2.8576173e-02
   4.5100000e+01   9.0255847e-02   4.5887762e-01   1.6337290e-01   1.4102863e-01   3.4586733e-02
   4.5200000e+01   8.8543067e-02   4.7046522e-01   1.6825930e-01   1.3984449e-01   2.5350963e-02
   4.5300000e+01   8.4567377e-02   4.7500932e-01   1.6064330e-01   1.4092969e-01   3.0136703e-02
   4.5400000e+01   9.2475757e-02   4.6800702e-01   1.6512780e-01   1.3887407e-01   2.3791413e-02
   4.5500000e+01   9.8711337e-02   4.7696152e-01   1.6265730e-01   1.3186257e-01   2.7564193e-02
   4.5600000e+01   9.5121337e-02   4.6501662e-01   1.6672280e-01   1.4184991e-01   2.0555653e-02
   4.5700000e+01   9.6567497e-02   4.7251492e-01   1.6823590e-01   1.3396459e-01   2.1031523e-02
   4.5800000e+01   9.2193667e-02   4.8081712e-01   1.6435050e-01   1.3521801e-01   2.0157393e-02
   4.5900000e+01   8.5318797e-02   4.7625472e-01   1.7980630e-01   1.3730235e-01   2.3518613e-02
   4.6000000e+01   7.9045270e-02   4.8418282e-01   1.7071720e-01   1.3650370e-01   2.0893903e-02
   4.6100000e+01   8.6575527e-02   4.6480112e-01   1.7741870e-01   1.3585523e-01   2.4501373e-02
   4.6200000e+01   8.1440977e-02   4.8070742e-01   1.7260110e-01   1.5381550e-01   2.9006403e-02
   4.6300000e+01   9.0640867e-02   4.7798812e-01   1.6211270e-01   1.3904766e-01   1.6451993e-02
   4.6400000e+01   7.8473971e-02   4.6404352e-01   1.6443970e-01   1.3109297e-01   2.9114223e-02
   4.6500000e+01   7.7994542e-02   4.8419082e-01   1.6628100e-01   1.2930969e-01   1.6938543e-02
   4.6600000e+01   7.1615867e-02   4.7751572e-01   1.6349580e-01   1.4527011e-01   2.2493213e-02
   4.6700000e+01   7.0700393e-02   4.7730312e-01   1.6713250e-01   1.4533040e-01   2.0662783e-02
   4.6800000e+01   6.1417640e-02   4.8576042e-01   1.6508530e-01   1.4582670e-01   2.7979693e-02
   4.6900000e+01   6.5191320e-02   4.8084012e-01   1.5866900e-01   1.4717966e-01   2.4110173e-02
   4.7000000e+01   6.3462389e-02   4.9390852e-01   1.6672380e-01   1.3983509e-01   2.4651533e-02
   4.7100000e+01   6.7232466e-02   4.8336502e-01   1.6933610e-01   1.3992248e-01   3.5025793e-02
   4.7200000e+01   8.2312037e-02   4.9507422e-01   1.6589250e-01   1.3991412e-01   3.5101253e-02
   4.7300000e+01   8.6483647e-02   5.0117202e-01   1.7567710e-01   1.3977948e-01   3.5446673e-02
   4.7400000e+01   9.2019597e-02   4.8453752e-01   1.7177780e-01   1.4898010e-01   3.4785483e-02
   4.7500000e+01   8.7624627e-02   5.0763102e-01   1.7881670e-01   1.3751982e-01   4.1131053e-02
   4.7600000e+01   9.1381167e-02   5.0380202e-01   1.8560460e-01   1.5356470e-01   4.2129533e-02
   4.7700000e+01   7.5447532e-02   4.9818492e-01   1.7938770e-01   1.4764572e-01   4.5855863e-02
   4.7800000e+01   7.2119877e-02   5.0172962e-01   1.8155880e-01   1.5153840e-01   4.8694973e-02
   4.7900000e+01   6.6585161e-02   4.9888112e-01   1.7894070e-01   1.5025950e-01   4.9393603e-02
   4.8000000e+01   6.8174446e-02   5.0721422e-01   1.8077560e-01   1.5186750e-01   4.5667933e-02
   4.8100000e+01   6.4360026e-02   5.2714462e-01   1.8939960e-01   1.5708510e-01   4.9869473e-02
   4.8200000e+01   6.9265518e-02   5.1152312e-01   1.7855060e-01   1.6028120e-01   4.9997863e-02
   4.8300000e+01   7.7974777e-02   5.3609602e-01   1.9058050e-01   1.5368740e-01   3.9954043e-02
   4.8400000e+01   8.0156532e-02   5.2746922e-01   1.9403920e-01   1.5842770e-01   3.7954623e-02
   4.8500000e+01   8.4679247e-02   5.3540572e-01   1.9288980e-01   1.5877430e-01   4.8394483e-02
   4.8600000e+01   9.4125657e-02   5.3672802e-01   2.0310560e-01   1.6385040e-01   3.9507883e-02
   4.8700000e+01   9.3375217e-02   5.3131632e-01   1.9726410e-01   1.5798680e-01   5.6141743e-02
   4.8800000e+01   9.3513067e-02   5.3258662e-01   1.9797890e-01   1.6178060e-01   5.3331393e-02
   4.8900000e+01   9.3128937e-02   5.4435362e-01   1.9136940e-01   1.6036640e-01   4.8498493e-02
   4.9000000e+01   1.0499019e-01   5.3593252e-01   1.8383590e-01   1.4814752e-01   4.9934173e-02
   4.9100000e+01   1.0472945e-01   5.4860232e-01   1.7727530e-01   1.4841683e-01   7.1558943e-02
   4.9200000e+01   1.0424651e-01   5.5736972e-01   1.8287710e-01   1.4708166e-01   6.2564943e-02
   4.9300000e+01   1.0460365e-01   5.5796422e-01   1.6389330e-01   1.4769117e-01   7.0491583e-02
   4.9400000e+01   1.2054658e-01   5.6050312e-01   1.6460880e-01   1.5920630e-01   9.3787663e-02
   4.9500000e+01   1.1607676e-01   5.6482432e-01   1.6284130e-01   1.5651530e-01   9.5338243e-02
   4.9600000e+01   1.1725195e-01   5.5867582e-01   1.5923980e-01   1.5924420e-01   1.0331647e-01
   4.9700000e+01   1.1414269e-01   5.6972642e-01   1.5191590e-01   1.5628790e-01   9.9726273e-02
   4.9800000e+01   1.1269692e-01   5.7081242e-01   1.4744240e-01   1.5698520e-01   9.9310303e-02
   4.9900000e+01   1.2571061e-01   5.5248952e-01   1.4093020e-01   1.5184930e-01   1.1041661e-01
   5.0000000e+01   1.2769618e-01   5.6702302e-01   1.4524140e-01   1.6141250e-01   1.1174941e-01
   5.0100000e+01   1.2801589e-01   5.4394982e-01   1.4248770e-01   1.5695870e-01   1.1312561e-01
   5.0200000e+01   1.2040214e-01   5.5860542e-01   1.4093590e-01   1.5961120e-01   1.2202481e-01
   5.0300000e+01   1.0733285e-01   5.7499742e-01   1.4163130e-01   1.6392140e-01   1.1325931e-01
   5.0400000e+01   1.1752381e-01   5.4578102e-01   1.3379150e-01   1.5601880e-01   1.0822981e-01
   5.0500000e+01   1.1501103e-01   5.6866772e-01   1.3683160e-01   1.6466680e-01   1.0776981e-01
   5.0600000e+01   1.1356332e-01   5.7367432e-01   1.3718100e-01   1.5359570e-01   1.0738171e-01
   5.0700000e+01   1.1164823e-01   5.6379012e-01   1.3894980e-01   1.5775980e-01   1.0498292e-01
   5.0800000e+01   1.0667224e-01   5.7002282e-01   1.5755420e-01   1.4132094e-01   1.1353121e-01
   5.0900000e+01   1.0637946e-01   5.9371052e-01   1.6037950e-01   1.5656710e-01   9.6689153e-02
   5.1000000e+01   1.1543213e-01   5.8196922e-01   1.6659740e-01   1.4908736e-01   1.0014755e-01
   5.1100000e+01   1.0597679e-01   5.8835872e-01   1.7939450e-01   1.3805943e-01   9.3430403e-02
   5.1200000e+01   1.0075985e-01   6.1619632e-01   1.8785670e-01   1.5890310e-01   1.0204900e-01
   5.1300000e+01   8.8956487e-02   5.9733492e-01   1.8145840e-01   1.5675040e-01   9.4200323e-02
   5.1400000e+01   9.2926537e-02   6.0393152e-01   1.8642250e-01   1.4801885e-01   9.5330333e-02
   5.1500000e+01   8.7327707e-02   6.1925432e-01   1.8306020e-01   1.4843931e-01   9.0947243e-02
   5.1600000e+01   8.6182667e-02   5.9866982e-01   1.7647470e-01   1.4924970e-01   7.9386753e-02
   5.1700000e+01   8.4869507e-02   5.9952802e-01   1.7023920e-01   1.5072550e-01   8.8147363e-02
   5.1800000e+01   9.7250777e-02   6.2364962e-01   1.6547740e-01   1.5536030e-01   8.4779853e-02
   5.1900000e+01   8.8878837e-02   6.1992522e-01   1.7249790e-01   1.5863150e-01   8.2164583e-02
   5.2000000e+01   9.0852537e-02   6.3113392e-01   1.7281230e-01   1.5532710e-01   8.5484733e-02
   5.2100000e+01   8.4237737e-02   6.2544262e-01   1.6961830e-01   1.5388220e-01   6.9312003e-02
   5.2200000e+01   7.9269874e-02   6.3545292e-01   1.7963270e-01   1.5674760e-01   6.9870293e-02
   5.2300000e+01   7.9510626e-02   6.3850542e-01   1.7844810e-01   1.5361770e-01   6.3698493e-02
   5.2400000e+01   7.4466047e-02   6.3007682e-01   1.8489980e-01   1.6990720e-01   6.6008263e-02
   5.2500000e+01   8.5252317e-02   6.4302002e-01   1.7430890e-01   1.5706340e-01   7.6631833e-02
   5.2600000e+01   8.9975137e-02   6.4421622e-01   1.7962140e-01   1.6275790e-01   7.1291613e-02
   5.2700000e+01   9.6220307e-02   6.3859342e-01   1.7470610e-01   1.6528810e-01   7.9151313e-02
   5.2800000e+01   9.4312787e-02   6.5445222e-01   1.7436400e-01   1.6972420e-01   7.6419053e-02
   5.2900000e+01   9.7261607e-02   6.5627472e-01   1.7393250e-01   1.6786860e-01   9.8148713e-02
   5.3000000e+01   9.4364727e-02   6.3702952e-01   1.7425380e-01   1.6204010e-01   8.6657503e-02
   5.3100000e+01   9.0059037e-02   6.3858022e-01   1.7909460e-01   1.7171970e-01   9.0338703e-02
   5.3200000e+01   9.1782077e-02   6.4946092e-01   1.8299250e-01   1.6824960e-01   9.0500553e-02
   5.3300000e+01   9.1199137e-02   6.3909572e-01   1.7566610e-01   1.6395200e-01   8.9376733e-02
   5.3400000e+01   8.4134497e-02   6.3685282e-01   1.8038330e-01   1.5762000e-01   1.0216811e-01
   5.3500000e+01   7.8910139e-02   6.4070552e-01   1.8524990e-01   1.5556600e-01   9.1097393e-02
   5.3600000e+01   7.8128356e-02   6.2856732e-01   1.8912160e-01   1.6980920e-01   9.7440723e-02
   5.3700000e+01   8.6644507e-02   6.3666902e-01   2.0068630e-01   1.5564880e-01   1.0178937e-01
   5.3800000e+01   9.1403577e-02   6.3710702e-01   1.9839270e-01   1.7001070e-01   1.0160910e-01
   5.3900000e+01   9.1784547e-02   6.1544232e-01   2.0501460e-01   1.5540140e-01   1.1844721e-01
   5.4000000e+01   9.4521597e-02   6.1138882e-01   2.0362910e-01   1.6542870e-01   1.1713311e-01
   5.4100000e+01   9.1101777e-02   6.1916272e-01   2.1685510e-01   1.5134560e-01   1.2326071e-01
   5.4200000e+01   9.0548037e-02   6.2654992e-01   2.2545710e-01   1.6921770e-01   1.2730771e-01
   5.4300000e+01   9.0270617e-02   6.2919842e-01   2.2761290e-01   1.5434540e-01   1.4672351e-01
   5.4400000e+01   9.2974657e-02   6.2973652e-01   2.2557560e-01   1.6057740e-01   1.4810461e-01
   5.4500000e+01   9.4091117e-02   6.2761772e-01   2.3187860e-01   1.5691110e-01   1.5756031e-01
   5.4600000e+01   8.7627317e-02   6.2599962e-01   2.2856220e-01   1.6588000e-01   1.5710531e-01
   5.4700000e+01   9.0114607e-02   6.1922232e-01   2.2111990e-01   1.6327760e-01   1.6051661e-01
   5.4800000e+01   7.9127501e-02   6.2431792e-01   2.2008190e-01   1.6119710e-01   1.6374881e-01
   5.4900000e+01   9.4100447e-02   6.1469122e-01   2.1698900e-01   1.6257660e-01   1.7298331e-01
   5.5000000e+01   9.6406097e-02   6.1547392e-01   2.0355060e-01   1.6528700e-01   1.7247291e-01
   5.5100000e+01   9.4228177e-02   6.3913362e-01   2.0363440e-01   1.5695720e-01   1.7181361e-01
   5.5200000e+01   8.4946857e-02   6.2392822e-01   1.9466440e-01   1.6113900e-01   1.5887051e-01
   5.5300000e+01   9.0519857e-02   6.2646752e-01   1.8965720e-01   1.6129690e-01   1.5811511e-01
   5.5400000e+01   8.9774117e-02   6.3563792e-01   1.8898870e-01   1.6748510e-01   1.5879351e-01
   5.5500000e+01   9.7349497e-02   6.4217502e-01   1.8541110e-01   1.5902190e-01   1.5389481e-01
   5.5600000e+01   9.9982407e-02   6.5616632e-01   1.8648900e-01   1.6434650e-01   1.5449991e-01
   5.5700000e+01   1.0104391e-01   6.4612462e-01   1.9031690e-01   1.6600740e-01   1.5044251e-01
   5.5800000e+01   1.0273010e-01   6.5104152e-01   1.8236510e-01   1.6856510e-01   1.4745411e-01
   5.5900000e+01   1.0338992e-01   6.5416572e-01   1.8007600e-01   1.6182700e-01   1.4362871e-01
   5.6000000e+01   9.6102417e-02   6.4577812e-01   1.7182500e-01   1.6438960e-01   1.4883971e-01
   5.6100000e+01   9.5418417e-02   6.5999802e-01   1.7410080e-01   1.5517040e-01   1.4101831e-01
   5.6200000e+01   9.5081467e-02   6.5836262e-01   1.6918460e-01   1.6300290e-01   1.3993461e-01
   5.6300000e+01   9.4928987e-02   6.6482872e-01   1.6886630e-01   1.5801700e-01   1.2840781e-01
   5.6400000e+01   9.7325197e-02   6.5617772e-01   1.6073930e-01   1.5630120e-01   1.2404371e-01
   5.6500000e+01   9.7169347e-02   6.6085882e-01   1.6700730e-01   1.5881750e-01   1.3549711e-01
   5.6600000e+01   9.9797597e-02   6.6154162e-01   1.5933550e-01   1.6680830e-01   1.2555531e-01
   5.6700000e+01   1.0248574e-01   6.6827462e-01   1.4290950e-01   1.6314040e-01   1.2928771e-01
   5.6800000e+01   1.0084707e-01   6.6067302e-01   1.5537470e-01   1.6169410e-01   1.1760811e-01
   5.6900000e+01   1.0781179e-01   6.6390712e-01   1.5460630e-01   1.7740570e-01   1.0950551e-01
   5.7000000e+01   1.0820336e-01   6.5528982e-01   1.5457670e-01   1.7595610e-01   1.3243461e-01
   5.7100000e+01   1.0897716e-01   6.7442402e-01   1.5234810e-01   1.7687210e-01   1.2988231e-01
   5.7200000e+01   1.0842716e-01   6.8150962e-01   1.4809040e-01   1.7921560e-01   1.3251001e-01
   5.7300000e+01   1.0897243e-01   6.7299962e-01   1.5558280e-01   1.8323080e-01   1.3903421e-01
   5.7400000e+01   1.1161965e-01   6.6588132e-01   1.4545920e-01   1.7911410e-01   1.4540781e-01
   5.7500000e+01   1.0800038e-01   6.6730182e-01   1.5694710e-01   1.8150900e-01   1.4032951e-01
   5.7600000e+01   1.0841640e-01   6.8190532e-01   1.4981150e-01   1.8010380e-01   1.5176981e-01
   5.7700000e+01   1.0588248e-01   6.8172332e-01   1.5755900e-01   1.8634400e-01   1.7457721e-01
   5.7800000e+01   1.1200211e-01   7.0247802e-01   1.5815790e-01   1.8748070e-01   1.8548371e-01
   5.7900000e+01   1.0457217e-01   7.0446912e-01   1.4966150e-01   1.8757510e-01   1.9579701e-01
   5.8000000e+01   1.0957904e-01   6.9523682e-01   1.6512360e-01   1.9120610e-01   1.9571571e-01
   5.8100000e+01   1.0691378e-01   6.9718562e-01   1.6606590e-01   1.8512860e-01   1.9569931e-01
   5.8200000e+01   1.1040494e-01   7.1871872e-01   1.6503990e-01   1.9080650e-01   1.9534531e-01
   5.8300000e+01   1.0900337e-01   7.0815282e-01   1.6037860e-01   1.8744370e-01   1.8721221e-01
   5.8400000e+01   1.0438557e-01   7.1087782e-01   1.6722930e-01   1.7506940e-01   1.8076101e-01
   5.8500000e+01   1.0674394e-01   7.1374462e-01   1.6750190e-01   1.9375340e-01   1.7004411e-01
   5.8600000e+01   1.0213938e-01   7.1259802e-01   1.7502730e-01   1.9129780e-01   1.7922221e-01
   5.8700000e+01   1.0189242e-01   7.0776492e-01   1.6492980e-01   1.8145320e-01   1.7671741e-01
   5.8800000e+01   1.0147179e-01   7.1822902e-01   1.6165050e-01   1.8044430e-01   1.7125971e-01
   5.8900000e+01   1.0648536e-01   7.1630582e-01   1.5652080e-01   1.8539990e-01   1.7305461e-01
   5.9000000e+01   1.0194922e-01   7.2201322e-01   1.6501120e-01   1.8709990e-01   1.6533301e-01
   5.9100000e+01   1.0456026e-01   7.2004622e-01   1.5995160e-01   1.7345470e-01   1.6400981e-01
   5.9200000e+01   9.6141057e-02   7.1557142e-01   1.7282830e-01   1.8880250e-01   1.5923391e-01
   5.9300000e+01   1.0175352e-01   7.2008062e-01   1.6218110e-01   1.7804590e-01   1.6332181e-01
   5.9400000e+01   9.6751077e-02   7.2795612e-01   1.6595860e-01   1.7778260e-01   1.6158561e-01
   5.9500000e+01   9.5713907e-02   7.2328672e-01   1.5707610e-01   1.6866300e-01   1.5098591e-01
   5.9600000e+01   9.0109387e-02   7.0501252e-01   1.4985810e-01   1.7727050e-01   1.6331471e-01
   5.9700000e+01   9.4091357e-02   6.9929742e-01   1.6273530e-01   1.7783160e-01   1.5776731e-01
   5.9800000e+01   8.9651577e-02   7.1658192e-01   1.5684390e-01   1.8324230e-01   1.5311991e-01
   5.9900000e+01   9.3376277e-02   7.0950242e-01   1.5415300e-01   1.7385350e-01   1.5656041e-01
   6.0000000e+01   8.6519017e-02   7.0383392e-01   1.5634820e-01   1.8003260e-01   1.5406961e-01
   6.0100000e+01   9.0484207e-02   7.1100442e-01   1.5070850e-01   1.8457620e-01   1.5359231e-01
   6.0200000e+01   8.5444547e-02   7.0211712e-01   1.6017370e-01   1.8378990e-01   1.4647271e-01
   6.0300000e+01   8.7005187e-02   7.1246902e-01   1.6599130e-01   1.8220000e-01   1.6470901e-01
   6.0400000e+01   8.5263537e-02   7.2251122e-01   1.6481060e-01   1.7756030e-01   1.6262151e-01
   6.0500000e+01   8.2718187e-02   7.2136152e-01   1.6213260e-01   1.9841350e-01   1.6402801e-01
   6.0600000e+01   8.9256297e-02   7.2386312e-01   1.6523370e-01   1.8425730e-01   1.5748271e-01
   6.0700000e+01   8.8767237e-02   7.3632302e-01   1.6263070e-01   1.9117020e-01   1.6097111e-01
   6.0800000e+01   9.7571337e-02   7.5009742e-01   1.6756910e-01   1.9410740e-01   1.4461951e-01
   6.0900000e+01   9.9484657e-02   7.6459632e-01   1.6216310e-01   1.9204960e-01   1.4360371e-01
   6.1000000e+01   1.0087565e-01   7.4581252e-01   1.6362600e-01   1.9468580e-01   1.4819431e-01
   6.1100000e+01   9.6781497e-02   7.5751972e-01   1.6531340e-01   1.8150840e-01   1.4049581e-01
   6.1200000e+01   1.0296635e-01   7.7293002e-01   1.6650830e-01   1.9311210e-01   1.4379501e-01
   6.1300000e+01   1.0964291e-01   7.7192562e-01   1.7515560e-01   1.8640800e-01   1.4312981e-01
   6.1400000e+01   1.0888097e-01   7.6824132e-01   1.8445650e-01   1.8003380e-01   1.3920211e-01
   6.1500000e+01   1.0582878e-01   7.7476572e-01   1.9237250e-01   1.7766630e-01   1.2654761e-01
   6.1600000e+01   1.0543571e-01   7.8981902e-01   1.9347550e-01   1.8326100e-01   1.2179231e-01
   6.1700000e+01   1.1384044e-01   7.7768252e-01   1.9343500e-01   1.7992110e-01   1.2298231e-01
   6.1800000e+01   1.1373111e-01   7.9146962e-01   1.8644130e-01   1.6898010e-01   1.2089701e-01
   6.1900000e+01   1.1345779e-01   7.7834612e-01   1.8202290e-01   1.8229210e-01   1.1066881e-01
   6.2000000e+01   1.0994604e-01   7.9914512e-01   1.8280900e-01   1.7199720e-01   1.1273961e-01
   6.2100000e+01   1.0860454e-01   7.8132652e-01   1.8688130e-01   1.7325440e-01   1.0349931e-01
   6.2200000e+01   1.1206139e-01   7.7564772e-01   1.8988910e-01   1.8362050e-01   1.1959391e-01
   6.2300000e+01   1.0329808e-01   7.7870942e-01   1.8713190e-01   1.7219260e-01   1.1392461e-01
   6.2400000e+01   9.8707567e-02   7.8983402e-01   1.8658850e-01   1.9587820e-01   1.1698151e-01
   6.2500000e+01   9.9789297e-02   7.7771822e-01   1.8337530e-01   1.8800120e-01   1.2019421e-01
   6.2600000e+01   9.4000847e-02   7.7093272e-01   1.8726020e-01   1.9520700e-01   1.1699031e-01
   6.2700000e+01   9.4654697e-02   7.8050302e-01   1.7682480e-01   1.9327250e-01   1.1301241e-01
   6.2800000e+01   8.9189927e-02   7.9064302e-01   1.7778060e-01   2.0573880e-01   1.1314681e-01
   6.2900000e+01   8.9193297e-02   7.8576182e-01   1.7113390e-01   2.0849490e-01   1.2232261e-01
   6.3000000e+01   8.2720547e-02   7.8796732e-01   1.6760010e-01   2.0181120e-01   1.1652851e-01
   6.3100000e+01   7.8968073e-02   7.9889762e-01   1.6719600e-01   2.0253260e-01   1.1909971e-01
   6.3200000e+01   8.3542757e-02   7.8303112e-01   1.7660060e-01   1.9705220e-01   1.0899031e-01
   6.3300000e+01   8.1748977e-02   7.8667272e-01   1.7758920e-01   2.0206180e-01   1.0727731e-01
   6.3400000e+01   8.2596057e-02   7.9298762e-01   1.8935010e-01   2.0451840e-01   1.1601331e-01
   6.3500000e+01   7.5285214e-02   7.9096992e-01   1.9810200e-01   1.8986220e-01   1.1391261e-01
   6.3600000e+01   7.1983756e-02   7.9043902e-01   1.9326710e-01   2.0461070e-01   1.2413671e-01
   6.3700000e+01   7.7194584e-02   7.8631052e-01   2.0994940e-01   2.0618010e-01   1.2645631e-01
   6.3800000e+01   9.0472317e-02   7.9599892e-01   2.0346520e-01   2.0239790e-01   1.0931931e-01
   6.3900000e+01   8.0914057e-02   7.9593962e-01   2.0792650e-01   1.9622990e-01   1.2541361e-01
   6.4000000e+01   8.4057617e-02   8.0212782e-01   1.9630170e-01   1.9795170e-01   1.1556991e-01
   6.4100000e+01   7.9967558e-02   7.9807582e-01   2.0303890e-01   2.0568080e-01   1.1586331e-01
   6.4200000e+01   7.9046905e-02   8.0073552e-01   2.1855580e-01   2.0396940e-01   1.1629431e-01
   6.4300000e+01   7.3771955e-02   7.9828422e-01   2.1118070e-01   2.0561620e-01   1.0513860e-01
   6.4400000e+01   9.0282587e-02   7.9648632e-01   2.0679820e-01   2.0993820e-01   1.0435327e-01
   6.4500000e+01   9.0061237e-02   8.1421052e-01   2.1427690e-01   2.0915140e-01   1.0180576e-01
   6.4600000e+01   7.8952276e-02   8.1495742e-01   2.0944480e-01   2.1300300e-01   1.0337931e-01
   6.4700000e+01   7.2917548e-02   8.1332022e-01   2.1260100e-01   2.2394260e-01   9.5883203e-02
   6.4800000e+01   7.6792987e-02   8.0818842e-01   1.9909640e-01   2.1139020e-01   9.0239243e-02
   6.4900000e+01   7.4788170e-02   8.1427562e-01   2.0291850e-01   2.1230530e-01   9.4486323e-02
   6.5000000e+01   8.1780097e-02   8.2163332e-01   2.1101700e-01   2.0598460e-01   9.8948013e-02
   6.5100000e+01   9.9707967e-02   8.2112872e-01   2.1701550e-01   2.1840860e-01   8.7488243e-02
   6.5200000e+01   1.0007706e-01   8.2712022e-01   2.1459520e-01   2.2830900e-01   8.7687313e-02
   6.5300000e+01   1.0032591e-01   8.3424722e-01   2.1270960e-01   2.4512650e-01   8.4450803e-02
   6.5400000e+01   1.1247293e-01   8.4648922e-01   2.1052610e-01   2.4524760e-01   8.4188453e-02
   6.5500000e+01   1.1400972e-01   8.3019192e-01   2.1005260e-01   2.6047740e-01   6.4443873e-02
   6.5600000e+01   1.0274910e-01   8.4530612e-01   2.0486670e-01   2.5882020e-01   6.9588263e-02
   6.5700000e+01   1.0541274e-01   8.3448252e-01   2.0962330e-01   2.6003560e-01   8.1545753e-02
   6.5800000e+01   1.0722748e-01   8.7735462e-01   1.9572900e-01   2.4920420e-01   7.1718463e-02
   6.5900000e+01   1.0749980e-01   8.6800672e-01   2.1138670e-01   2.5671680e-01   7.6150163e-02
   6.6000000e+01   1.0362370e-01   8.6502652e-01   1.9326520e-01   2.4899130e-01   8.8725973e-02
   6.6100000e+01   1.0221636e-01   8.6162042e-01   2.0173660e-01   2.4774180e-01   9.1779103e-02
   6.6200000e+01   9.7972647e-02   8.7655972e-01   1.9767420e-01   2.4044940e-01   1.1020041e-01
   6.6300000e+01   1.0292360e-01   8.5421792e-01   1.8913430e-01   2.4062430e-01   1.3325311e-01
   6.6400000e+01   9.1551087e-02   8.5288502e-01   1.9229220e-01   2.3053070e-01   1.3531971e-01
   6.6500000e+01   8.6787107e-02   8.5757272e-01   1.8511470e-01   2.2984850e-01   1.5680021e-01
   6.6600000e+01   8.4584237e-02   8.6285152e-01   1.8644540e-01   2.2262720e-01   1.7099461e-01
   6.6700000e+01   8.8139907e-02   8.4155232e-01   1.7634910e-01   2.2553360e-01   1.6404731e-01
   6.6800000e+01   8.8133337e-02   8.5015632e-01   1.7759610e-01   2.1626870e-01   1.8205931e-01
   6.6900000e+01   8.5840447e-02   8.6470812e-01   1.7304030e-01   2.1066540e-01   1.7926921e-01
   6.7000000e+01   8.6048847e-02   8.6521452e-01   1.8252980e-01   2.1542210e-01   1.7699871e-01
   6.7100000e+01   8.7640177e-02   8.5353402e-01   1.8748850e-01   2.1841960e-01   1.8186941e-01
   6.7200000e+01   8.2820067e-02   8.6917332e-01   1.8523250e-01   2.0567280e-01   1.8758281e-01
   6.7300000e+01   7.8111309e-02   8.6522022e-01   1.7922770e-01   2.0776590e-01   1.7344991e-01
   6.7400000e+01   8.5160037e-02   8.6103722e-01   1.8435490e-01   2.0885230e-01   1.8462761e-01
   6.7500000e+01   8.5486817e-02   8.5919722e-01   1.8957230e-01   2.1310030e-01   1.8813891e-01
   6.7600000e+01   8.7307257e-02   8.8629332e-01   1.8781270e-01   1.9852230e-01   1.7758461e-01
   6.7700000e+01   8.2876727e-02   8.9704322e-01   1.9910090e-01   2.1092610e-01   1.7839881e-01
   6.7800000e+01   9.2823847e-02   9.0709482e-01   1.9805880e-01   2.0396400e-01   1.7548311e-01
   6.7900000e+01   9.0334347e-02   9.0638852e-01   1.9350860e-01   2.0255140e-01   1.7724481e-01
   6.8000000e+01   9.6929877e-02   9.2640242e-01   1.8988230e-01   1.9659540e-01   1.7019141e-01
   6.8100000e+01   9.2943497e-02   9.3668412e-01   1.9241720e-01   2.0321360e-01   1.6659361e-01
   6.8200000e+01   8.7486887e-02   9.4472332e-01   1.9464070e-01   1.9803650e-01   1.6838971e-01
   6.8300000e+01   8.8890447e-02   9.4655112e-01   1.9517300e-01   1.9885560e-01   1.6487971e-01
   6.8400000e+01   8.2780107e-02   9.5777732e-01   1.8636690e-01   1.9316280e-01   1.7039961e-01
   6.8500000e+01   8.1918567e-02   9.6330472e-01   1.9608490e-01   1.8388080e-01   1.6635341e-01
   6.8600000e+01   8.3594507e-02   9.6762372e-01   1.8800150e-01   1.8939000e-01   1.7670111e-01
   6.8700000e+01   9.1984917e-02   9.6037622e-01   1.9370270e-01   1.9454850e-01   1.8766641e-01
   6.8800000e+01   8.6656317e-02   9.5837002e-01   2.0998180e-01   1.8937760e-01   1.8713091e-01
   6.8900000e+01   9.0828847e-02   9.6380202e-01   2.0949500e-01   1.8225410e-01   2.0410051e-01
   6.9000000e+01   7.9679642e-02   9.8316352e-01   2.0792960e-01   1.8666300e-01   2.1524771e-01
   6.9100000e+01   8.4529117e-02   9.9550782e-01   2.1185440e-01   1.8337090e-01   2.3236571e-01
   6.9200000e+01   8.6356307e-02   9.9136062e-01   2.1773990e-01   1.9160610e-01   2.1678101e-01
   6.9300000e+01   9.5254087e-02   1.0162531e+00   2.2187920e-01   1.8232360e-01   2.2525361e-01
   6.9400000e+01   9.4424037e-02   1.0197887e+00   2.1284140e-01   1.8966730e-01   2.3997751e-01
   6.9500000e+01   9.1398927e-02   1.0319686e+00   2.0494050e-01   1.8423150e-01   2.3534281e-01
   6.9600000e+01   9.2617207e-02   1.0268876e+00   2.0396670e-01   1.9077700e-01   2.2754441e-01
   6.9700000e+01   8.2552157e-02   1.0301956e+00   1.9256280e-01   1.8298460e-01   2.3560161e-01
   6.9800000e+01   7.9190260e-02   1.0379476e+00   1.9456610e-01   1.9845140e-01   2.2935981e-01
   6.9900000e+01   8.5705067e-02   1.0466076e+00   1.9008180e-01   1.8508620e-01   2.1572271e-01
   7.0000000e+01   8.1940677e-02   1.0382526e+00   1.9478850e-01   1.9784160e-01   2.1604291e-01
   7.0100000e+01   7.2475155e-02   1.0308376e+00   1.9563090e-01   1.8372090e-01   2.1897581e-01
   7.0200000e+01   7.1089533e-02   1.0296776e+00   1.9312520e-01   1.9789190e-01   2.2210491e-01
   7.0300000e+01   6.9025169e-02   1.0425466e+00   2.0172820e-01   1.9661300e-01   2.1719941e-01
   7.0400000e+01   7.0619060e-02   1.0417026e+00   2.0387470e-01   2.0654660e-01   2.2101201e-01
   7.0500000e+01   6.8181341e-02   1.0355746e+00   2.0659670e-01   2.0205440e-01   2.1339861e-01
   7.0600000e+01   7.0611584e-02   1.0483966e+00   2.0266520e-01   2.0477310e-01   2.1507571e-01
   7.0700000e+01   6.5186644e-02   1.0552256e+00   1.9557930e-01   2.0265970e-01   2.0783771e-01
   7.0800000e+01   7.3594918e-02   1.0483026e+00   1.9143490e-01   2.0403940e-01   2.0081731e-01
   7.0900000e+01   8.2063877e-02   1.0536746e+00   1.9744320e-01   2.0075180e-01   2.0691841e-01
   7.1000000e+01   8.1471577e-02   1.0441426e+00   1.9575150e-01   1.9752850e-01   2.0082991e-01
   7.1100000e+01   7.9485490e-02   1.0402536e+00   2.0382620e-01   2.0872740e-01   1.9689911e-01
   7.1200000e+01   8.2320097e-02   1.0599116e+00   1.9772170e-01   1.9000590e-01   1.8967241e-01
   7.1300000e+01   7.7985395e-02   1.0527926e+00   1.9549130e-01   1.9856390e-01   2.1251521e-01
   7.1400000e+01   8.0663300e-02   1.0665666e+00   1.9270070e-01   2.0298420e-01   2.1104621e-01
   7.1500000e+01   8.4486117e-02   1.0558706e+00   1.9283500e-01   1.9238200e-01   2.2463081e-01
   7.1600000e+01   8.0994367e-02   1.0525276e+00   1.8681020e-01   2.0545910e-01   2.4155931e-01
   7.1700000e+01   7.8045580e-02   1.0541206e+00   1.7800410e-01   2.0454190e-01   2.5168681e-01
   7.1800000e+01   7.2371504e-02   1.0682316e+00   1.7674060e-01   2.1235470e-01   2.4984241e-01
   7.1900000e+01   7.9997857e-02   1.0583326e+00   1.7649640e-01   2.0514520e-01   2.5822211e-01
   7.2000000e+01   8.6093297e-02   1.0472896e+00   1.7979050e-01   2.1328630e-01   2.6144481e-01
   7.2100000e+01   8.1401837e-02   1.0538166e+00   1.9292040e-01   2.1834290e-01   2.5563491e-01
   7.2200000e+01   6.6522090e-02   1.0508126e+00   1.9214810e-01   2.3048480e-01   2.5948081e-01
   7.2300000e+01   7.2306312e-02   1.0541096e+00   2.0561780e-01   2.3022150e-01   2.5654591e-01
   7.2400000e+01   6.4159065e-02   1.0383986e+00   2.1046300e-01   2.2363490e-01   2.5494801e-01
   7.2500000e+01   6.7087630e-02   1.0367636e+00   2.0619710e-01   2.3816190e-01   2.5122851e-01
   7.2600000e+01   7.1399240e-02   1.0318316e+00   2.0366830e-01   2.2360980e-01   2.4067641e-01
   7.2700000e+01   7.5789291e-02   1.0413406e+00   2.0347300e-01   2.3729560e-01   2.2709761e-01
   7.2800000e+01   8.0246275e-02   1.0434096e+00   2.0222300e-01   2.2732500e-01   2.3651031e-01
   7.2900000e+01   7.6135022e-02   1.0403006e+00   1.9566590e-01   2.2618550e-01   2.3508531e-01
   7.3000000e+01   8.9475647e-02   1.0418276e+00   1.9581890e-01   2.2907970e-01   2.3127551e-01
   7.3100000e+01   8.6933567e-02   1.0407406e+00   2.0860800e-01   2.2893020e-01   2.2869291e-01
   7.3200000e+01   9.3978247e-02   1.0527706e+00   2.0505310e-01   2.2347800e-01   2.2800201e-01
   7.3300000e+01   9.6924377e-02   1.0539706e+00   2.0877950e-01   2.2537520e-01   2.2384411e-01
   7.3400000e+01   1.0164810e-01   1.0507396e+00   2.1008850e-01   2.2668770e-01   2.3347111e-01
   7.3500000e+01   1.0091204e-01   1.0508816e+00   1.9683910e-01   2.1841890e-01   2.2347091e-01
   7.3600000e+01   1.0268560e-01   1.0648526e+00   1.9388680e-01   2.2179020e-01   2.1772711e-01
   7.3700000e+01   9.8660467e-02   1.0756536e+00   1.9059690e-01   2.2064500e-01   2.2956661e-01
   7.3800000e+01   1.1590485e-01   1.0703506e+00   1.8165460e-01   2.2406330e-01   2.1473201e-01
   7.3900000e+01   1.1751150e-01   1.0604426e+00   1.8378260e-01   2.1265540e-01   2.0789931e-01
   7.4000000e+01   1.1285665e-01   1.0692196e+00   1.8090880e-01   2.2304400e-01   2.0837871e-01
   7.4100000e+01   1.0629001e-01   1.0809516e+00   1.7906950e-01   2.2286840e-01   2.0478041e-01
   7.4200000e+01   1.0267934e-01   1.0921786e+00   1.7244420e-01   2.2258320e-01   1.9715021e-01
   7.4300000e+01   1.0338617e-01   1.1066596e+00   1.7857030e-01   2.2173100e-01   2.0045601e-01
   7.4400000e+01   1.0213264e-01   1.1067586e+00   1.8123060e-01   2.1452480e-01   1.9714991e-01
   7.4500000e+01   1.0389469e-01   1.1252786e+00   1.9531720e-01   2.2426330e-01   1.9388391e-01
   7.4600000e+01   1.0132516e-01   1.1220146e+00   2.0047060e-01   2.2581410e-01   1.9936811e-01
   7.4700000e+01   1.0462289e-01   1.1394026e+00   1.9519800e-01   2.3131320e-01   2.0242271e-01
   7.4800000e+01   9.5897247e-02   1.1583886e+00   1.9188580e-01   2.3470230e-01   2.0151541e-01
   7.4900000e+01   9.4923847e-02   1.1606816e+00   2.0222470e-01   2.4338730e-01   2.1110681e-01
   7.5000000e+01   1.0291246e-01   1.1620016e+00   1.9422330e-01   2.4148470e-01   2.1307531e-01
   7.5100000e+01   9.6938647e-02   1.1590566e+00   2.0599950e-01   2.4429840e-01   2.3148171e-01
   7.5200000e+01   1.1313059e-01   1.1631816e+00   2.0331580e-01   2.4980820e-01   2.4906841e-01
   7.5300000e+01   1.0365677e-01   1.1557976e+00   2.0214640e-01   2.5154520e-01   2.6519121e-01
   7.5400000e+01   1.0257400e-01   1.1661836e+00   1.9701190e-01   2.5016560e-01   2.7684111e-01
   7.5500000e+01   1.0089355e-01   1.1695876e+00   1.9170840e-01   2.5536950e-01   3.0516741e-01
   7.5600000e+01   9.2296587e-02   1.1757956e+00   1.9186960e-01   2.5707350e-01   3.1978651e-01
   7.5700000e+01   9.0718757e-02   1.1759166e+00   1.8793710e-01   2.5504550e-01   3.1631711e-01
   7.5800000e+01   9.7647667e-02   1.1768586e+00   1.8081930e-01   2.5580590e-01   3.1615871e-01
   7.5900000e+01   9.6364937e-02   1.1906226e+00   1.8885220e-01   2.5645750e-01   3.1144731e-01
   7.6000000e+01   9.3412117e-02   1.2209696e+00   1.7670240e-01   2.6231870e-01   3.1501701e-01
   7.6100000e+01   8.8347167e-02   1.2400466e+00   1.8140510e-01   2.5699540e-01   3.1637371e-01
   7.6200000e+01   8.2277957e-02   1.2627176e+00   1.8488400e-01   2.6257520e-01   3.0699881e-01
   7.6300000e+01   8.2245887e-02   1.2878986e+00   1.7622610e-01   2.6311890e-01   3.0385321e-01
   7.6400000e+01   8.1055257e-02   1.3004546e+00   1.7643740e-01   2.6123860e-01   3.0284501e-01
   7.6500000e+01   7.5242110e-02   1.3352926e+00   1.8469360e-01   2.6515370e-01   2.9448461e-01
   7.6600000e+01   7.6483563e-02   1.3605716e+00   1.8284800e-01   2.6381760e-01   2.9946541e-01
   7.6700000e+01   7.7925633e-02   1.3662886e+00   1.8459610e-01   2.6886400e-01   3.0296991e-01
   7.6800000e+01   7.4432800e-02   1.3800626e+00   1.8454910e-01   2.6430490e-01   3.0393391e-01
   7.6900000e+01   7.0652882e-02   1.3907086e+00   1.8024300e-01   2.5545720e-01   2.9342071e-01
   7.7000000e+01   7.4374716e-02   1.4039506e+00   1.7933770e-01   2.5821750e-01   2.8667231e-01
   7.7100000e+01   7.2135471e-02   1.4063326e+00   1.8842770e-01   2.5623600e-01   2.8420961e-01
   7.7200000e+01   8.0995887e-02   1.4076746e+00   1.9008920e-01   2.6444870e-01   2.8373531e-01
   7.7300000e+01   8.1815307e-02   1.4168736e+00   1.9461720e-01   2.6201400e-01   2.7362151e-01
   7.7400000e+01   7.9061877e-02   1.4251856e+00   2.0120350e-01   2.5053240e-01   2.5740111e-01
   7.7500000e+01   8.3679087e-02   1.4311616e+00   1.9690830e-01   2.5818410e-01   2.6487311e-01
   7.7600000e+01   8.6305147e-02   1.4376526e+00   2.0179440e-01   2.4284800e-01   2.5603231e-01
   7.7700000e+01   9.5133847e-02   1.4474206e+00   2.0069650e-01   2.4694700e-01   2.4797591e-01
   7.7800000e+01   8.9507917e-02   1.4767006e+00   2.0471800e-01   2.4534000e-01   2.4785931e-01
   7.7900000e+01   7.6585136e-02   1.4662856e+00   2.0270940e-01   2.4733500e-01   2.3840251e-01
   7.8000000e+01   7.2597503e-02   1.4722796e+00   2.0445030e-01   2.4035530e-01   2.6436931e-01
   7.8100000e+01   8.0470142e-02   1.4796976e+00   2.0782280e-01   2.4029760e-01   2.5521871e-01
   7.8200000e+01   8.8134847e-02   1.4915576e+00   2.0926560e-01   2.2844390e-01   2.5086831e-01
   7.8300000e+01   9.1431807e-02   1.4716796e+00   2.0632840e-01   2.2861880e-01   2.4905031e-01
   7.8400000e+01   8.1613287e-02   1.4670926e+00   1.9677670e-01   2.3074670e-01   2.5133991e-01
   7.8500000e+01   6.8457640e-02   1.4726196e+00   2.1211060e-01   2.2737950e-01   2.4803901e-01
   7.8600000e+01   5.9350017e-02   1.4622336e+00   2.0696460e-01   2.2171270e-01   2.5062011e-01
   7.8700000e+01   7.9358133e-02   1.4543726e+00   1.9287630e-01   2.3239230e-01   2.4804461e-01
   7.8800000e+01   7.8253517e-02   1.4535146e+00   1.8756870e-01   2.3267880e-01   2.4082131e-01
   7.8900000e+01   7.7048307e-02   1.4528626e+00   1.9223240e-01   2.2638260e-01   2.3951181e-01
   7.9000000e+01   7.6334174e-02   1.4592976e+00   1.8597330e-01   2.3043800e-01   2.3539981e-01
   7.9100000e+01   6.7205342e-02   1.4508116e+00   1.7887500e-01   2.3661960e-01   2.5569791e-01
   7.9200000e+01   6.6644274e-02   1.4404446e+00   1.7743480e-01   2.3386050e-01   2.3052031e-01
   7.9300000e+01   5.8231087e-02   1.4528436e+00   1.7240620e-01   2.3199240e-01   2.5064511e-01
   7.9400000e+01   5.4100027e-02   1.4358856e+00   1.7542130e-01   2.2964740e-01   2.6752221e-01
   7.9500000e+01   5.1532587e-02   1.4320036e+00   1.7253770e-01   2.2488710e-01   2.5679451e-01
   7.9600000e+01   5.0030757e-02   1.4285056e+00   1.6275420e-01   2.2821300e-01   2.6270761e-01
   7.9700000e+01   5.1681017e-02   1.4283426e+00   1.6140620e-01   2.2494560e-01   2.7296361e-01
   7.9800000e+01   5.5987417e-02   1.4215896e+00   1.7158510e-01   2.2866750e-01   2.6077091e-01
   7.9900000e+01   5.6981157e-02   1.4070606e+00   1.7501900e-01   2.2763850e-01   2.5338971e-01
   8.0000000e+01   4.5381387e-02   1.4021266e+00   1.7533290e-01   2.2791960e-01   2.4965111e-01
   8.0100000e+01   4.3168797e-02   1.4123706e+00   1.6624600e-01   2.2225510e-01   2.3774921e-01
   8.0200000e+01   4.2318737e-02   1.4186656e+00   1.6923740e-01   2.2626440e-01   2.2858991e-01
   8.0300000e+01   4.5892267e-02   1.4366936e+00   1.6313890e-01   2.2666300e-01   2.2582201e-01
   8.0400000e+01   4.4470557e-02   1.4540636e+00   1.7287400e-01   2.2578400e-01   2.1700161e-01
   8.0500000e+01   4.9070567e-02   1.4546746e+00   1.8274540e-01   2.2643720e-01   2.0642911e-01
   8.0600000e+01   5.3569007e-02   1.4789396e+00   1.9571790e-01   2.3428220e-01   1.9669301e-01
   8.0700000e+01   5.9141957e-02   1.5037326e+00   1.8448010e-01   2.4037210e-01   2.0300001e-01
   8.0800000e+01   6.8428886e-02   1.4967916e+00   1.9587510e-01   2.3654690e-01   1.8576631e-01
   8.0900000e+01   6.4444278e-02   1.4922786e+00   1.9667570e-01   2.4825260e-01   1.7882341e-01
   8.1000000e+01   5.7838127e-02   1.5179866e+00   2.0072510e-01   2.4961670e-01   1.6788941e-01
   8.1100000e+01   5.7376177e-02   1.5086326e+00   2.0412310e-01   2.4447860e-01   1.7356241e-01
   8.1200000e+01   5.5225957e-02   1.5083406e+00   2.1021930e-01   2.5227160e-01   1.7229561e-01
   8.1300000e+01   5.3939557e-02   1.5011476e+00   1.9588020e-01   2.4565730e-01   1.7149791e-01
   8.1400000e+01   5.6411337e-02   1.5063176e+00   2.1042630e-01   2.5353310e-01   1.7902331e-01
   8.1500000e+01   5.8194477e-02   1.4945986e+00   2.1234820e-01   2.5106260e-01   1.7561141e-01
   8.1600000e+01   6.0355327e-02   1.4914786e+00   2.2358740e-01   2.5410690e-01   1.7221991e-01
   8.1700000e+01   6.1576983e-02   1.5091586e+00   2.2212090e-01   2.5083450e-01   1.7515321e-01
   8.1800000e+01   6.6944548e-02   1.4941126e+00   2.1667600e-01   2.5650200e-01   1.6933831e-01
   8.1900000e+01   5.4154447e-02   1.4940836e+00   2.1488710e-01   2.4811090e-01   1.7809841e-01
   8.2000000e+01   5.5424377e-02   1.4862956e+00   2.1527140e-01   2.5462520e-01   1.8319741e-01
   8.2100000e+01   4.7661827e-02   1.4776226e+00   2.0858850e-01   2.4975600e-01   1.8577121e-01
   8.2200000e+01   5.0526187e-02   1.4846416e+00   2.0777600e-01   2.4725310e-01   1.7677131e-01
   8.2300000e+01   6.4470704e-02   1.5048116e+00   2.0017500e-01   2.5717100e-01   1.7723731e-01
   8.2400000e+01   7.3592716e-02   1.4878086e+00   1.9654250e-01   2.4445020e-01   1.7703741e-01
   8.2500000e+01   6.8709872e-02   1.4798386e+00   1.9525560e-01   2.4216250e-01   1.6385151e-01
   8.2600000e+01   6.2901912e-02   1.4960226e+00   1.8226650e-01   2.5715490e-01   1.7818561e-01
   8.2700000e+01   6.0443747e-02   1.4826956e+00   1.8094250e-01   2.4431130e-01   1.7889831e-01
   8.2800000e+01   6.6980327e-02   1.4714946e+00   1.8269190e-01   2.4965800e-01   1.6373641e-01
   8.2900000e+01   6.5661004e-02   1.4986076e+00   1.7804000e-01   2.4339560e-01   1.7259941e-01
   8.3000000e+01   6.4306459e-02   1.4722046e+00   1.6881630e-01   2.5327350e-01   1.7151631e-01
   8.3100000e+01   7.2491401e-02   1.4841616e+00   1.7163200e-01   2.3383540e-01   1.6320771e-01
   8.3200000e+01   6.2586435e-02   1.5242446e+00   1.7479990e-01   2.5054130e-01   1.7398651e-01
   8.3300000e+01   6.8316113e-02   1.4982646e+00   1.8236990e-01   2.4189930e-01   1.7466091e-01
   8.3400000e+01   5.6438847e-02   1.5055376e+00   1.7677780e-01   2.4938200e-01   1.7226651e-01
   8.3500000e+01   5.8747867e-02   1.5108386e+00   1.7618820e-01   2.4413680e-01   1.8423611e-01
   8.3600000e+01   6.2988035e-02   1.5274426e+00   1.7781340e-01   2.4178200e-01   1.8809151e-01
   8.3700000e+01   7.1751675e-02   1.5294616e+00   1.7621570e-01   2.3658160e-01   2.0283241e-01
   8.3800000e+01   6.6283121e-02   1.5379316e+00   1.8038140e-01   2.3573320e-01   1.9700321e-01
   8.3900000e+01   5.9567467e-02   1.5580666e+00   1.7477260e-01   2.3299170e-01   1.9898901e-01
   8.4000000e+01   6.9545524e-02   1.5653056e+00   1.8246050e-01   2.3659270e-01   2.0532261e-01
   8.4100000e+01   6.2860473e-02   1.5722726e+00   1.8350340e-01   2.4160630e-01   2.0785881e-01
   8.4200000e+01   5.9538857e-02   1.5710616e+00   1.8350980e-01   2.3363110e-01   2.2339161e-01
   8.4300000e+01   5.4159947e-02   1.5848796e+00   1.7617650e-01   2.4212330e-01   2.4396471e-01
   8.4400000e+01   5.2068517e-02   1.6032436e+00   1.7876080e-01   2.4271210e-01   2.5777821e-01
   8.4500000e+01   5.2290367e-02   1.6016736e+00   1.8252250e-01   2.4332630e-01   2.8605461e-01
   8.4600000e+01   5.9411707e-02   1.6086616e+00   1.8437140e-01   2.4165870e-01   2.8591951e-01
   8.4700000e+01   6.0995570e-02   1.6288466e+00   1.7740400e-01   2.3594250e-01   3.1997991e-01
   8.4800000e+01   7.5943121e-02   1.6200986e+00   1.8193220e-01   2.4280970e-01   3.4016381e-01
   8.4900000e+01   7.3057854e-02   1.6146056e+00   1.8406770e-01   2.4558190e-01   3.6627841e-01
   8.5000000e+01   7.1590280e-02   1.6384306e+00   1.8175930e-01   2.5050480e-01   3.7528801e-01
   8.5100000e+01   7.6244172e-02   1.6471226e+00   1.9570710e-01   2.4760480e-01   3.8558421e-01
   8.5200000e+01   8.3104737e-02   1.6392786e+00   2.0221350e-01   2.4165640e-01   4.0038861e-01
   8.5300000e+01   8.7542877e-02   1.6410546e+00   2.1086940e-01   2.4547740e-01   3.8514451e-01
   8.5400000e+01   9.3593517e-02   1.6530496e+00   2.0558120e-01   2.4283890e-01   4.0252891e-01
   8.5500000e+01   8.8196127e-02   1.6617046e+00   2.1471410e-01   2.4576790e-01   3.9317341e-01
   8.5600000e+01   8.1537467e-02   1.6683596e+00   2.2304450e-01   2.3889280e-01   3.8458091e-01
   8.5700000e+01   8.7607767e-02   1.6518556e+00   2.2012790e-01   2.4291950e-01   3.8184691e-01
   8.5800000e+01   8.5298757e-02   1.6536146e+00   2.1626480e-01   2.2891000e-01   3.8062741e-01
   8.5900000e+01   8.1530627e-02   1.6504116e+00   2.0952450e-01   2.4341410e-01   3.7727101e-01
   8.6000000e+01   7.9821761e-02   1.6469156e+00   2.1453410e-01   2.2284810e-01   3.7011361e-01
   8.6100000e+01   8.3210127e-02   1.6270166e+00   2.1584820e-01   2.2794860e-01   3.7425701e-01
   8.6200000e+01   8.6268567e-02   1.6187746e+00   2.1143390e-01   2.2618820e-01   3.6917371e-01
   8.6300000e+01   8.9899867e-02   1.6248496e+00   2.1094890e-01   2.1104260e-01   3.7941771e-01
   8.6400000e+01   8.1370697e-02   1.6103746e+00   2.0202060e-01   2.1437180e-01   3.8497871e-01
   8.6500000e+01   8.6991607e-02   1.6208226e+00   2.0301160e-01   2.2585480e-01   3.9349561e-01
   8.6600000e+01   8.4371407e-02   1.6125336e+00   1.9645670e-01   2.0737380e-01   3.9460261e-01
   8.6700000e+01   9.5613147e-02   1.6033426e+00   2.0702850e-01   2.1799230e-01   3.9200381e-01
   8.6800000e+01   9.9551897e-02   1.5831956e+00   1.9954260e-01   2.0831110e-01   3.9114201e-01
   8.6900000e+01   9.4614797e-02   1.5875146e+00   2.0186620e-01   2.0994570e-01   3.8361651e-01
   8.7000000e+01   9.4591197e-02   1.5635706e+00   2.0002600e-01   2.0705550e-01   3.8443231e-01
   8.7100000e+01   8.7586017e-02   1.5550326e+00   2.0937080e-01   2.1808940e-01   3.6812741e-01
   8.7200000e+01   9.1796287e-02   1.5458806e+00   1.9586350e-01   2.0666590e-01   3.6983711e-01
   8.7300000e+01   9.6323847e-02   1.5451296e+00   1.9783110e-01   2.1519780e-01   3.5521441e-01
   8.7400000e+01   8.7075187e-02   1.5393886e+00   2.0394740e-01   2.1202960e-01   3.4407941e-01
   8.7500000e+01   8.5776627e-02   1.5196896e+00   1.9203170e-01   2.0780030e-01   3.4676781e-01
   8.7600000e+01   8.5928197e-02   1.5150746e+00   1.9763020e-01   2.1144930e-01   3.3459341e-01
   8.7700000e+01   9.0684347e-02   1.5242796e+00   1.9728110e-01   2.1651960e-01   3.2345661e-01
   8.7800000e+01   1.0025544e-01   1.5009376e+00   1.9306800e-01   2.0699530e-01   3.2921841e-01
   8.7900000e+01   9.5281357e-02   1.4963216e+00   1.9325070e-01   2.1204110e-01   3.2303891e-01
   8.8000000e+01   1.0014303e-01   1.5040626e+00   2.0022660e-01   2.1823900e-01   3.1933831e-01
   8.8100000e+01   8.5149667e-02   1.4907466e+00   2.0142570e-01   2.0471070e-01   3.2602371e-01
   8.8200000e+01   7.5032323e-02   1.4944646e+00   2.0527490e-01   2.1678940e-01   3.2521871e-01
   8.8300000e+01   7.3005581e-02   1.4882616e+00   2.1357740e-01   2.1605530e-01   3.1997321e-01
   8.8400000e+01   7.7660229e-02   1.4987096e+00   2.0507360e-01   2.0590650e-01   3.3958421e-01
   8.8500000e+01   7.1984571e-02   1.4757846e+00   2.0707380e-01   2.1981660e-01   3.3286531e-01
   8.8600000e+01   7.7054942e-02   1.4744986e+00   2.0751610e-01   2.2941380e-01   3.3346691e-01
   8.8700000e+01   7.6895275e-02   1.4872486e+00   2.1377890e-01   2.2056370e-01   3.3000361e-01
   8.8800000e+01   7.3078632e-02   1.4745476e+00   2.1279770e-01   2.1879290e-01   3.3919291e-01
   8.8900000e+01   7.1703927e-02   1.4709166e+00   2.1890220e-01   2.2310210e-01   3.3020511e-01
   8.9000000e+01   7.7037344e-02   1.4716916e+00   2.1128550e-01   2.1435860e-01   3.3331131e-01
   8.9100000e+01   6.9874834e-02   1.4637416e+00   2.0640160e-01   2.0764700e-01   3.3629541e-01
   8.9200000e+01   6.4216201e-02   1.4467106e+00   2.1192750e-01   2.1906140e-01   3.3011441e-01
   8.9300000e+01   5.7055987e-02   1.4495246e+00   2.0935420e-01   2.1522870e-01   3.2553701e-01
   8.9400000e+01   5.8511397e-02   1.4522256e+00   2.0480890e-01   2.0542180e-01   3.3132081e-01
   8.9500000e+01   6.4268868e-02   1.4610726e+00   2.0435540e-01   2.2352510e-01   3.2126701e-01
   8.9600000e+01   7.1289608e-02   1.4552546e+00   2.0773970e-01   2.3356480e-01   3.1674471e-01
   8.9700000e+01   6.6984346e-02   1.4626576e+00   2.0791050e-01   2.3785730e-01   3.0741891e-01
   8.9800000e+01   6.5530967e-02   1.4740166e+00   2.0074390e-01   2.5884280e-01   3.0981681e-01
   8.9900000e+01   6.2685990e-02   1.4822806e+00   2.0950280e-01   2.4890610e-01   3.0257911e-01
   9.0000000e+01   6.2837008e-02   1.4805136e+00   2.0761680e-01   2.5042630e-01   2.8637581e-01
