   1.0000000e-01   5.5752963e-02   3.6997791e-02   2.3234457e-02   8.0797339e-02   7.2996998e-03
   2.0000000e-01   5.1459126e-02   4.4896986e-02   2.0743453e-02   7.9074411e-02   5.6296891e-03
   3.0000000e-01   4.9988749e-02   3.7573451e-02   1.5199694e-02   7.9810451e-02   8.2265618e-02
   4.0000000e-01   3.7580801e-02   4.1914846e-02   2.0594871e-02   6.5054247e-02   4.5360138e-02
   5.0000000e-01   4.5037994e-02   4.0339031e-02   3.3648842e-02   6.7609721e-02   2.3016765e-02
   6.0000000e-01   3.6200697e-02   4.2715926e-02   2.6963864e-02   7.2166318e-02   1.7626886e-02
   7.0000000e-01   3.2489679e-02   4.4430321e-02   7.5274240e-02   6.5333175e-02   2.6502998e-02
   8.0000000e-01   3.6631402e-02   4.8276136e-02   1.0393143e-01   5.2122618e-02   3.1891174e-02
   9.0000000e-01   3.8847024e-02   4.0740830e-02   9.3855333e-02   6.3066343e-02   1.7509367e-02
   1.0000000e+00   3.5012377e-02   3.9734995e-02   9.4179280e-02   6.2219560e-02   1.4351715e-02
   1.1000000e+00   3.5030550e-02   4.0107030e-02   8.4997686e-02   6.8561541e-02   1.5401530e-02
   1.2000000e+00   1.6852235e-02   4.0392675e-02   7.6910813e-02   8.3819060e-02   3.4353561e-02
   1.3000000e+00   2.2949997e-02   3.5425560e-02   5.7847760e-02   7.3295160e-02   2.2558205e-02
   1.4000000e+00   3.5720078e-02   3.6826765e-02   6.1059896e-02   8.2072567e-02   2.1991107e-02
   1.5000000e+00   3.1149510e-02   3.9222300e-02   4.4567733e-02   7.7358753e-02   9.0174290e-03
   1.6000000e+00   1.9433885e-02   3.6329795e-02   3.2663557e-02   7.6165845e-02   1.4910320e-02
   1.7000000e+00   1.8861412e-02   4.5024340e-02   4.7498046e-02   6.8217017e-02   1.0112746e-02
   1.8000000e+00   1.1554530e-02   3.8974144e-02   3.0491310e-02   7.0712087e-02   1.5034395e-02
   1.9000000e+00   8.5412848e-03   3.9088829e-02   4.2175979e-02   6.9921255e-02   2.1020927e-02
   2.0000000e+00   5.5007294e-03   4.7734224e-02   3.1986375e-02   8.6463425e-02   2.7423202e-02
   2.1000000e+00   1.3548060e-03   4.4504049e-02   3.8503602e-02   7.8285701e-02   2.7734435e-02
   2.2000000e+00   5.8615177e-03   3.7876114e-02   3.5676383e-02   6.6010568e-02   3.5491034e-02
   2.3000000e+00   8.4478128e-04   3.4773779e-02   3.4473826e-02   7.7221412e-02   2.2260353e-02
   2.4000000e+00  -4.5524609e-04   4.4276164e-02   2.2923705e-02   7.2689681e-02   1.9134614e-02
   2.5000000e+00  -1.3938943e-02   5.7779239e-02   2.5730410e-02   7.3522854e-02   1.8147754e-02
   2.6000000e+00  -4.8308808e-03   5.1511873e-02   1.6535915e-02   9.1856204e-02   1.6965230e-02
   2.7000000e+00   4.1634118e-03   5.2459158e-02   2.5762500e-02   9.1317702e-02   2.8321440e-02
   2.8000000e+00   2.7480884e-02   5.8913183e-02   3.0257241e-02   9.7363170e-02   2.9460379e-02
   2.9000000e+00   2.3667016e-02   5.7828538e-02   2.9110848e-02   8.8646988e-02   2.5126996e-02
   3.0000000e+00   3.6388370e-02   6.2713053e-02   2.2697091e-02   9.6799546e-02   2.6191359e-02
   3.1000000e+00   3.5282492e-02   5.4140348e-02   2.5690026e-02   8.2081164e-02   2.2284282e-02
   3.2000000e+00   2.3890240e-02   5.5791363e-02   3.7533988e-02   7.7631374e-02   2.9545146e-02
   3.3000000e+00   3.3604938e-02   6.8364168e-02   6.0704321e-02   8.1004471e-02   3.0171405e-02
   3.4000000e+00   4.0595050e-02   6.4864473e-02   4.8417738e-02   7.9903519e-02   2.8819634e-02
   3.5000000e+00   4.6222353e-02   5.6623917e-02   4.5528695e-02   8.5665867e-02   2.2313440e-02
   3.6000000e+00   5.3479105e-02   6.3816512e-02   3.6247561e-02   9.5563145e-02   3.5241643e-02
   3.7000000e+00   6.2195938e-02   5.9566027e-02   3.9112768e-02   9.0447733e-02   2.6094226e-02
   3.8000000e+00   6.9198231e-02   6.0552442e-02   3.7725006e-02   1.0488181e-01   2.2939247e-02
   3.9000000e+00   8.1487213e-02   6.7105097e-02   3.5358116e-02   1.0570120e-01   2.0189220e-02
   4.0000000e+00   7.9906236e-02   6.1076352e-02   2.5649740e-02   1.1193814e-01   2.5899005e-02
   4.1000000e+00   8.5962219e-02   6.4456117e-02   3.6976547e-02   1.1842035e-01   4.2873219e-02
   4.2000000e+00   9.5932551e-02   6.1111942e-02   3.4631193e-02   1.2264614e-01   3.2537948e-02
   4.3000000e+00   1.0982572e-01   5.0009876e-02   3.1867634e-02   1.2592519e-01   2.8499167e-02
   4.4000000e+00   1.0831167e-01   5.0868381e-02   3.2757081e-02   1.2968281e-01   1.8787433e-02
   4.5000000e+00   1.0054790e-01   4.5860606e-02   2.9419040e-02   1.2569778e-01   2.1150382e-02
   4.6000000e+00   1.0181948e-01   3.5824811e-02   4.6951427e-02   1.1956389e-01   3.1611775e-02
   4.7000000e+00   7.9090634e-02   4.8711026e-02   4.2272464e-02   1.1242468e-01   2.8857594e-02
   4.8000000e+00   7.6958557e-02   4.4589171e-02   4.0230320e-02   1.0415608e-01   2.9078573e-02
   4.9000000e+00   6.7261790e-02   4.7487416e-02   3.9021237e-02   1.0145871e-01   1.9430203e-02
   5.0000000e+00   6.9837132e-02   3.7947391e-02   3.5518834e-02   9.6732318e-02   3.1457122e-02
   5.1000000e+00   6.4675295e-02   4.8730866e-02   4.0512980e-02   9.5577236e-02   3.0963971e-02
   5.2000000e+00   4.3861607e-02   4.9896730e-02   3.8264927e-02   9.5109754e-02   2.4713410e-02
   5.3000000e+00   5.7487090e-02   4.2486815e-02   4.4020083e-02   9.4636543e-02   3.6466760e-02
   5.4000000e+00   5.5597163e-02   4.3942070e-02   4.2251580e-02   9.6933801e-02   4.1437559e-02
   5.5000000e+00   5.3032765e-02   3.1191415e-02   4.1125666e-02   8.5383719e-02   3.5578298e-02
   5.6000000e+00   5.8324618e-02   3.6837170e-02   5.2986463e-02   9.3095557e-02   3.6035747e-02
   5.7000000e+00   5.0813421e-02   4.4419775e-02   6.4083410e-02   9.2672835e-02   5.4511697e-02
   5.8000000e+00   5.0012563e-02   3.5585760e-02   7.1701416e-02   8.7906463e-02   3.6627936e-02
   5.9000000e+00   3.7467866e-02   3.9057035e-02   6.0267313e-02   9.7660981e-02   3.8954065e-02
   6.0000000e+00   5.5249689e-02   3.4995469e-02   4.6771319e-02   9.5402839e-02   4.9765264e-02
   6.1000000e+00   4.2405721e-02   4.5437284e-02   5.6119136e-02   8.4043487e-02   3.4625003e-02
   6.2000000e+00   3.8984774e-02   2.6515869e-02   5.0722073e-02   7.8679616e-02   2.9958733e-02
   6.3000000e+00   3.4452646e-02   2.5980774e-02   4.5233259e-02   8.4763904e-02   4.1098532e-02
   6.4000000e+00   4.5787759e-02   4.3317289e-02   6.3802996e-02   7.9962652e-02   3.0174841e-02
   6.5000000e+00   4.0419052e-02   3.6633584e-02   5.3492212e-02   6.8637839e-02   1.8823700e-02
   6.6000000e+00   3.3774854e-02   3.7884959e-02   5.3468549e-02   8.4707108e-02   1.3729380e-02
   6.7000000e+00   2.6213227e-02   3.9615674e-02   5.0354076e-02   7.4192266e-02   2.0206501e-02
   6.8000000e+00   4.1279670e-02   3.2144829e-02   5.3250732e-02   6.9017851e-02   6.9051000e-03
   6.9000000e+00   3.0316142e-02   3.1984023e-02   3.3357860e-02   7.2366782e-02   1.0399272e-02
   7.0000000e+00   3.3103415e-02   3.4309508e-02   4.4016035e-02   6.6841837e-02  -3.1981353e-04
   7.1000000e+00   3.8962167e-02   4.2709693e-02   2.6455499e-02   7.0469282e-02   9.7712597e-03
   7.2000000e+00   4.2120720e-02   4.2985428e-02   4.4056709e-02   7.4300917e-02   3.2986865e-02
   7.3000000e+00   4.8889523e-02   3.1264773e-02   4.6585815e-02   7.1613112e-02   3.6923924e-02
   7.4000000e+00   4.3070365e-02   3.8694748e-02   5.0029692e-02   7.5826423e-02   4.4677763e-02
   7.5000000e+00   3.3787488e-02   4.0336933e-02   5.6075408e-02   7.7204311e-02   3.1378873e-02
   7.6000000e+00   3.3800111e-02   4.2004748e-02   4.7111635e-02   7.4138569e-02   2.7297662e-02
   7.7000000e+00   3.1803743e-02   5.2969472e-02   6.6342191e-02   5.6971262e-02   2.4226365e-02
   7.8000000e+00   3.0720656e-02   5.3394757e-02   1.2436340e-01   6.9854794e-02   3.1980830e-02
   7.9000000e+00   2.9662968e-02   4.1000062e-02   1.1628715e-01   7.7611503e-02   1.4540117e-02
   8.0000000e+00   3.5357271e-02   5.0758197e-02   1.1200009e-01   6.8474173e-02   1.4428427e-02
   8.1000000e+00   3.2812334e-02   4.6916292e-02   1.0461739e-01   7.6663029e-02   1.2481779e-02
   8.2000000e+00   2.2493851e-02   4.7352207e-02   1.0239412e-01   7.8392228e-02   1.5988301e-02
   8.3000000e+00   2.0267972e-02   5.3033342e-02   9.0678341e-02   6.5194209e-02   1.8431016e-02
   8.4000000e+00   3.1102042e-02   2.9438447e-02   6.5235598e-02   5.3631209e-02   1.4813576e-02
   8.5000000e+00   2.5905024e-02   1.7673154e-02   6.2437374e-02   7.2983622e-02   1.8336597e-02
   8.6000000e+00   2.4641598e-02   1.7947244e-02   5.8187671e-02   7.1277329e-02   1.8132229e-02
   8.7000000e+00   2.2580128e-02   7.7959913e-03   5.7277737e-02   6.9485784e-02   3.3781083e-02
   8.8000000e+00   2.2279805e-02   1.3208222e-02   5.7284854e-02   5.6830957e-02   2.7042813e-02
   8.9000000e+00   1.6218540e-02   1.7892239e-02   4.6047091e-02   6.0754209e-02   2.0468282e-02
   9.0000000e+00   2.4641431e-02   9.3691579e-03   3.7205777e-02   6.1322119e-02   1.7198742e-02
   9.1000000e+00   1.3377246e-02   1.3686014e-02   5.3674604e-02   6.5137348e-02   1.6379605e-02
   9.2000000e+00   1.4944792e-02   9.6079477e-03   9.2347520e-02   7.1277459e-02   3.4247339e-02
   9.3000000e+00   2.4181165e-02   8.3244956e-03   1.1104497e-01   7.1852107e-02   1.7114088e-02
   9.4000000e+00   2.2812538e-02   1.7029895e-02   1.0475422e-01   7.6669695e-02   9.3455449e-03
   9.5000000e+00   1.6145118e-02   6.9779353e-03   8.8408850e-02   7.2802243e-02   2.1063167e-02
   9.6000000e+00   2.7966463e-02   2.5491885e-02   7.3887927e-02   8.4849841e-02   8.4669744e-03
   9.7000000e+00   2.6162576e-02   8.8701741e-03   6.4459783e-02   9.9576469e-02   2.2957284e-02
   9.8000000e+00   2.8810758e-02   2.4057065e-02   6.3608440e-02   1.0205924e-01   9.6329748e-03
   9.9000000e+00   4.4775911e-02   1.8120510e-02   4.4217667e-02   9.5298735e-02   9.0686010e-03
   1.0000000e+01   3.4490044e-02   1.6995599e-02   4.6161263e-02   1.1129424e-01   2.9601633e-03
   1.0100000e+01   2.9606376e-02   1.0529466e-02   5.5385960e-02   1.0962298e-01   8.9935485e-03
   1.0200000e+01   2.8783749e-02   1.4478194e-02   4.7197456e-02   9.2841370e-02   1.9500678e-02
   1.0300000e+01   2.9264912e-02   2.8698439e-02   4.7724183e-02   9.7301878e-02   7.5896210e-03
   1.0400000e+01   4.6001764e-02   1.6411794e-02   5.7007429e-02   9.9823546e-02   8.9013272e-03
   1.0500000e+01   4.9124697e-02   2.8774239e-02   3.8507736e-02   1.0274359e-01   2.8564909e-02
   1.0600000e+01   5.8622979e-02   2.0585778e-02   5.0511673e-02   8.8350442e-02   1.1027975e-02
   1.0700000e+01   8.2438372e-02   3.0146999e-02   5.4902909e-02   9.0935080e-02   1.9693495e-02
   1.0800000e+01   8.0690055e-02   2.3168394e-02   4.3805796e-02   8.2024928e-02   1.1906959e-02
   1.0900000e+01   7.0462767e-02   3.6874569e-02   4.7614812e-02   6.9959856e-02   2.0841796e-02
   1.1000000e+01   7.5509140e-02   2.7738144e-02   4.5088949e-02   7.5616234e-02   1.4556137e-02
   1.1100000e+01   6.0059083e-02   3.6982358e-02   5.1542386e-02   8.3653583e-02   4.4144508e-03
   1.1200000e+01   6.2684225e-02   2.5936293e-02   3.0478707e-02   6.8959351e-02   8.5504860e-03
   1.1300000e+01   5.1609258e-02   2.3449768e-02   2.8796331e-02   6.6324928e-02   1.4622561e-02
   1.1400000e+01   5.1441540e-02   1.6254131e-02   4.0485495e-02   6.4215083e-02   1.3235737e-02
   1.1500000e+01   3.9706043e-02   2.3531018e-02   3.8709542e-02   5.7097159e-02   1.5360726e-02
   1.1600000e+01   3.2597896e-02   3.6620243e-02   3.6720569e-02   6.1215494e-02   1.9135833e-02
   1.1700000e+01   3.5329938e-02   3.1342858e-02   4.6552305e-02   6.8560961e-02   2.8353420e-02
   1.1800000e+01   3.7568371e-02   3.9187063e-02   5.0997352e-02   6.5827286e-02   2.5442809e-02
   1.1900000e+01   3.5174944e-02   4.6206187e-02   9.2564158e-02   7.4067847e-02   2.1764968e-02
   1.2000000e+01   2.2883893e-02   2.4507522e-02   1.0689866e-01   7.0237245e-02   5.1568368e-02
   1.2100000e+01   3.1941359e-02   2.6938997e-02   9.2101682e-02   7.0536554e-02   5.4195807e-02
   1.2200000e+01   3.7543171e-02   3.2144142e-02   7.4431908e-02   6.9667242e-02   4.3899426e-02
   1.2300000e+01   2.1555881e-02   4.1975937e-02   6.8849685e-02   6.6120523e-02   4.5321175e-02
   1.2400000e+01   2.4909841e-02   3.7502932e-02   5.5866931e-02   6.9683848e-02   3.9149975e-02
   1.2500000e+01   1.7125934e-02   3.7138787e-02   5.6118338e-02   6.1113140e-02   2.9991494e-02
   1.2600000e+01   1.9217880e-02   3.7122912e-02   5.7030185e-02   6.1392685e-02   2.5530953e-02
   1.2700000e+01   9.1911236e-03   3.6628477e-02   5.6708291e-02   5.1820862e-02   3.5967812e-02
   1.2800000e+01   1.8852255e-02   3.7845981e-02   4.4745688e-02   5.0500968e-02   5.0045142e-02
   1.2900000e+01   2.4988702e-02   4.5048516e-02   3.8590584e-02   4.2417378e-02  -7.9419192e-03
   1.3000000e+01   3.3770633e-02   4.6769541e-02   6.0045191e-02   3.5525626e-02   2.7756010e-02
   1.3100000e+01   3.2966125e-02   4.4090046e-02   5.8251077e-02   3.5639375e-02   2.5339299e-02
   1.3200000e+01   2.7051478e-02   4.3350561e-02   4.7247324e-02   2.8156873e-02   2.1386642e-02
   1.3300000e+01   3.3286980e-02   4.4771136e-02   4.8742521e-02   4.3649271e-02   1.1533233e-02
   1.3400000e+01   4.6085823e-02   3.6019791e-02   5.9199017e-02   5.0137024e-02   1.2339394e-02
   1.3500000e+01   3.6909766e-02   3.1886006e-02   6.4603814e-02   3.9645567e-02   2.2986116e-02
   1.3600000e+01   4.3590818e-02   4.4902430e-02   6.9589330e-02   4.1102985e-02   1.5054506e-02
   1.3700000e+01   7.4602031e-02   4.2332925e-02   8.5284877e-02   3.8211843e-02   2.8524155e-02
   1.3800000e+01   6.1650944e-02   4.3558660e-02   7.7533614e-02   4.2113261e-02   1.8882133e-02
   1.3900000e+01   7.5082356e-02   3.9495665e-02   8.9778810e-02   3.7906569e-02   2.8792463e-02
   1.4000000e+01   6.4716499e-02   4.1187870e-02   6.9147647e-02   4.9831325e-02   2.5078352e-02
   1.4100000e+01   6.2878331e-02   3.9578085e-02   6.5372123e-02   4.0817156e-02   2.2979452e-02
   1.4200000e+01   5.9448794e-02   3.6598520e-02   5.6345020e-02   4.8799297e-02   1.7843231e-02
   1.4300000e+01   5.3895887e-02   3.4705215e-02   6.1089187e-02   5.0096885e-02   2.6295900e-02
   1.4400000e+01   5.0540279e-02   2.7005220e-02   6.6809773e-02   5.5307002e-02   2.4595819e-02
   1.4500000e+01   4.5848112e-02   3.4807414e-02   5.4543070e-02   6.0587993e-02   2.2262858e-02
   1.4600000e+01   4.4965875e-02   3.6423679e-02   5.0072306e-02   5.6766457e-02   1.2813610e-02
   1.4700000e+01   4.1481797e-02   3.6541104e-02   4.6353693e-02   4.5999908e-02   1.8140666e-02
   1.4800000e+01   2.9198150e-02   3.4189509e-02   4.9861550e-02   4.4588195e-02   2.0253122e-02
   1.4900000e+01   3.7587182e-02   2.7916294e-02   6.0908106e-02   4.7294177e-02   1.8143007e-02
   1.5000000e+01   2.6301970e-02   2.9244569e-02   5.3313613e-02   4.1391229e-02   2.1420545e-02
   1.5100000e+01   3.2512138e-02   2.6925624e-02   4.4672819e-02   4.4861109e-02   2.3018514e-02
   1.5200000e+01   2.6672541e-02   2.3734429e-02   3.8626236e-02   5.8236874e-02   2.5978343e-02
   1.5300000e+01   2.8398143e-02   1.7698212e-02   5.0602433e-02   5.6063724e-02   3.0837252e-02
   1.5400000e+01   4.2151976e-02   2.1781308e-02   3.2138733e-02   5.9961931e-02   2.1447962e-02
   1.5500000e+01   4.4640758e-02   3.3436423e-02   5.0265596e-02   5.3538608e-02   4.0534771e-02
   1.5600000e+01   4.1182301e-02   1.9438028e-02   3.8314062e-02   5.5089888e-02   2.5375440e-02
   1.5700000e+01   3.5573773e-02   2.8314463e-02   3.7751069e-02   4.8919171e-02   3.0125619e-02
   1.5800000e+01   3.4515036e-02   3.2718028e-02   4.2803536e-02   5.8577863e-02   3.1366308e-02
   1.5900000e+01   2.4694028e-02   2.4408283e-02   3.9233542e-02   6.5611011e-02   4.4411768e-02
   1.6000000e+01   2.7612471e-02   2.5964788e-02   3.6362019e-02   5.6949535e-02   3.0148217e-02
   1.6100000e+01   1.7193658e-02   2.8377333e-02   3.2447168e-02   5.6579572e-02   2.8544986e-02
   1.6200000e+01   2.0386027e-02   2.6023877e-02   4.4617342e-02   6.1571320e-02   3.3634365e-02
   1.6300000e+01   2.5062830e-02   2.5630182e-02   5.3027958e-02   6.4753744e-02   2.6028035e-02
   1.6400000e+01   2.2951604e-02   4.2927467e-02   5.0853255e-02   7.2781342e-02   2.6136544e-02
   1.6500000e+01   2.3190426e-02   3.3084872e-02   5.2237692e-02   6.7869610e-02   3.8436653e-02
   1.6600000e+01   2.5238519e-02   3.8684277e-02   4.6344978e-02   8.8974528e-02   2.6533492e-02
   1.6700000e+01   3.2496210e-02   3.0586172e-02   4.8951155e-02   7.9648126e-02   3.4622501e-02
   1.6800000e+01   3.3400052e-02   2.3063847e-02   4.9098371e-02   8.4077054e-02   3.9696821e-02
   1.6900000e+01   4.3373225e-02   2.3412252e-02   4.6208748e-02   6.9957612e-02   3.3165580e-02
   1.7000000e+01   4.0574508e-02   9.3062262e-03   6.0295675e-02   6.9729041e-02   2.2331979e-02
   1.7100000e+01   5.7073700e-02   7.5052150e-03   5.0903361e-02   6.0986139e-02   2.6596048e-02
   1.7200000e+01   6.7867433e-02   8.0625359e-03   4.7756138e-02   6.6441907e-02   2.5326458e-02
   1.7300000e+01   8.5780716e-02   4.9837571e-03   4.4864374e-02   4.9857379e-02   2.9812957e-02
   1.7400000e+01   8.5619208e-02   1.6775482e-02   5.0748971e-02   3.5270313e-02   1.4470068e-02
   1.7500000e+01   8.4217791e-02   1.0477005e-02   4.9270478e-02   3.6461391e-02   1.5955740e-02
   1.7600000e+01   7.7677523e-02   1.1529533e-02   6.4821684e-02   4.5969004e-02   1.2273857e-02
   1.7700000e+01   6.6277566e-02   1.1451017e-02   7.1232241e-02   4.1194175e-02   9.9658387e-03
   1.7800000e+01   6.1840749e-02   2.5513446e-02   7.0099267e-02   4.2532407e-02   1.1909966e-02
   1.7900000e+01   5.9040491e-02   1.7562739e-02   5.6226464e-02   4.0724082e-02   9.2142717e-03
   1.8000000e+01   6.6275904e-02   1.6522432e-02   5.8547071e-02   4.6899676e-02   1.8400673e-02
   1.8100000e+01   5.9504967e-02   1.7848780e-02   6.4084037e-02   5.8225934e-02   1.3433047e-02
   1.8200000e+01   5.2068269e-02   1.9808825e-02   6.4054654e-02   5.4682539e-02   1.7966074e-02
   1.8300000e+01   4.7836332e-02   9.2004896e-04   5.4892780e-02   5.3750643e-02   2.7561819e-02
   1.8400000e+01   4.7726814e-02   8.8802418e-03   5.1416137e-02   4.7250214e-02   2.4077428e-02
   1.8500000e+01   5.0515237e-02   1.5678484e-02   8.3252314e-02   5.0017109e-02   2.0461548e-02
   1.8600000e+01   4.7911430e-02   9.1191676e-03   1.1535949e-01   5.0826090e-02   1.4642445e-02
   1.8700000e+01   4.1724192e-02   1.2375223e-02   1.3559675e-01   5.9341828e-02   1.6549497e-02
   1.8800000e+01   4.8370845e-02   1.3288546e-02   1.4905137e-01   4.5697611e-02   5.3153152e-03
   1.8900000e+01   3.4680768e-02   1.3057015e-02   1.2551870e-01   4.8955463e-02   5.5611794e-03
   1.9000000e+01   4.1670320e-02   8.1947648e-03   1.0879634e-01   5.0603927e-02   2.0030824e-02
   1.9100000e+01   3.1480843e-02   1.3271893e-02   1.0425274e-01   3.9859679e-02   1.1705193e-02
   1.9200000e+01   3.8185365e-02   2.5035424e-02   9.0503370e-02   4.4635331e-02   8.2855124e-05
   1.9300000e+01   4.5320568e-02   2.3951129e-02   8.2456506e-02   4.9265105e-02   6.5444974e-03
   1.9400000e+01   4.2716731e-02   3.4462134e-02   8.8740663e-02   4.9107048e-02   7.0182567e-03
   1.9500000e+01   3.3862563e-02   2.5825999e-02   7.9868809e-02   4.5682032e-02  -5.9265520e-04
   1.9600000e+01   4.3862206e-02   1.6680311e-02   8.1692376e-02   3.9248098e-02   1.1753201e-02
   1.9700000e+01   6.1114239e-02   2.0022878e-02   7.4170103e-02   5.8537719e-02   1.5784927e-02
   1.9800000e+01   5.3339221e-02   2.3878453e-02   7.3585959e-02   4.3773817e-02   1.4558959e-02
   1.9900000e+01   6.9366644e-02   3.1022828e-02   7.0323976e-02   5.6052936e-02   1.5090836e-02
   2.0000000e+01   5.7096816e-02   3.1996133e-02   6.0966402e-02   6.0189644e-02   1.3858667e-02
   2.0100000e+01   4.2086469e-02   2.6541178e-02   8.0071369e-02   4.8103430e-02   2.7423025e-02
   2.0200000e+01   3.6853852e-02   3.0831973e-02   7.7244536e-02   5.3048500e-02   1.6512747e-02
   2.0300000e+01   3.8108044e-02   1.6652638e-02   8.7965872e-02   4.6270592e-02   1.7607384e-02
   2.0400000e+01   3.2170287e-02   2.4588622e-02   9.0718749e-02   4.1084139e-02   1.1777694e-02
   2.0500000e+01   2.5331870e-02   2.2914287e-02   8.1587665e-02   3.8303467e-02   4.5786507e-04
   2.0600000e+01   2.5147682e-02   2.1626232e-02   8.5032112e-02   3.7029003e-02   1.6867905e-02
   2.0700000e+01   3.0438915e-02   2.6003947e-02   8.2342759e-02   4.0535757e-02   1.1940433e-02
   2.0800000e+01   2.7606824e-02   2.6130832e-02   6.3757785e-02   3.0578298e-02   4.1259868e-03
   2.0900000e+01   4.1564690e-02   3.5411467e-02   7.0362892e-02   2.6822927e-02   7.7577756e-03
   2.1000000e+01   5.1808713e-02   3.4526502e-02   8.1748158e-02   3.7846035e-02   6.5019707e-03
   2.1100000e+01   5.2822605e-02   2.0710277e-02   9.1960805e-02   4.8069186e-02   2.1516707e-02
   2.1200000e+01   6.8416208e-02   3.6406492e-02   8.8478372e-02   4.2084135e-02   1.8904407e-02
   2.1300000e+01   4.9179241e-02   2.4693726e-02   8.6757588e-02   4.0927129e-02   1.7588876e-02
   2.1400000e+01   5.2026793e-02   1.7506491e-02   8.2724905e-02   6.0976797e-02   2.4529735e-02
   2.1500000e+01   4.1695166e-02   2.1029656e-02   6.9923711e-02   7.5135965e-02   2.3733354e-02
   2.1600000e+01   3.6725619e-02   1.9226871e-02   7.2365538e-02   7.3661873e-02   2.6937674e-02
   2.1700000e+01   3.9651511e-02   1.6521446e-02   6.9751085e-02   7.1507271e-02   1.7041253e-02
   2.1800000e+01   3.5410934e-02   1.7740241e-02   6.9673221e-02   6.5381989e-02   2.5543612e-02
   2.1900000e+01   5.3137196e-02   2.2207276e-02   8.0088468e-02   6.3146848e-02   3.6927111e-02
   2.2000000e+01   4.8934009e-02   2.5325961e-02   1.0156368e-01   6.4885656e-02   2.0506660e-02
   2.2100000e+01   4.5054082e-02   2.8584295e-02   9.1148861e-02   6.3510934e-02   2.3904260e-02
   2.2200000e+01   5.2182614e-02   1.7578890e-02   7.7142747e-02   6.2270222e-02   1.8877959e-02
   2.2300000e+01   5.0346887e-02   2.5354355e-02   9.0610624e-02   5.3852043e-02   3.0125248e-02
   2.2400000e+01   3.7264280e-02   2.2803880e-02   8.3510101e-02   5.3453976e-02   3.5008257e-02
   2.2500000e+01   4.2923982e-02   1.6498895e-02   8.9890767e-02   5.3447423e-02   1.6361827e-02
   2.2600000e+01   4.2050235e-02   2.1773590e-02   8.6621754e-02   5.1981045e-02   2.6980976e-02
   2.2700000e+01   3.2113247e-02   2.3685605e-02   7.6005220e-02   4.7200839e-02   2.0343175e-02
   2.2800000e+01   3.7159710e-02   2.5206570e-02   7.8617717e-02   4.9086873e-02   1.5817654e-02
   2.2900000e+01   3.3264083e-02   1.9452005e-02   6.3457574e-02   4.7548812e-02   1.3604695e-02
   2.3000000e+01   2.9176475e-02   3.0377289e-02   9.6126350e-02   3.8654138e-02   7.2403797e-03
   2.3100000e+01   3.2876738e-02   2.6830524e-02   1.1324715e-01   4.1655567e-02   7.7026620e-03
   2.3200000e+01   1.0199612e-02   2.7158999e-02   9.6782023e-02   3.6539980e-02   6.8595062e-03
   2.3300000e+01   2.8921124e-02   1.6860274e-02   9.3583900e-02   3.8633637e-02   1.0757987e-02
   2.3400000e+01   1.8481739e-02   1.5300919e-02   8.3639877e-02   3.0306229e-02   1.9194644e-05
   2.3500000e+01   1.6101524e-02   2.0393864e-02   7.9164123e-02   2.4071867e-02   1.9225619e-02
   2.3600000e+01   3.2986981e-02   1.7069099e-02   7.7896060e-02   3.6672183e-02   6.6897071e-03
   2.3700000e+01   6.7922174e-02   3.1566194e-02   8.7721156e-02   3.2928241e-02   8.6624953e-03
   2.3800000e+01   7.9795016e-02   1.6424438e-02   7.3499943e-02   1.5981192e-02   9.1708326e-03
   2.3900000e+01   8.5234499e-02   3.0611383e-02   7.6155170e-02   2.4826900e-02   2.0322778e-05
   2.4000000e+01   1.0888840e-01   4.1187738e-02   7.4691646e-02   2.8935038e-02   3.4898430e-03
   2.4100000e+01   1.2835837e-01   5.7831083e-02   6.9938613e-02   2.8782356e-02   1.2206267e-02
   2.4200000e+01   1.3042636e-01   3.2408598e-02   6.8133119e-02   2.7369844e-02  -9.3202354e-04
   2.4300000e+01   1.3355284e-01   4.4692873e-02   7.0885506e-02   3.4351346e-02   2.1324317e-03
   2.4400000e+01   1.1657157e-01   3.7203018e-02   6.8280743e-02   4.5891868e-02  -1.4393421e-03
   2.4500000e+01   1.0446453e-01   3.6253273e-02   6.7385519e-02   3.7143850e-02  -1.6626099e-03
   2.4600000e+01   9.4961407e-02   3.2349608e-02   6.3116816e-02   3.0720256e-02   3.2225144e-03
   2.4700000e+01   8.9946940e-02   3.5255712e-02   6.6014062e-02   4.6225357e-02   2.3532200e-02
   2.4800000e+01   7.2847313e-02   2.4993697e-02   7.4970929e-02   3.1503818e-02   2.2156329e-02
   2.4900000e+01   6.6289415e-02   2.8437742e-02   6.3629025e-02   4.5669528e-02   2.2144268e-02
   2.5000000e+01   6.0691958e-02   2.0599357e-02   6.3027232e-02   3.8177034e-02   1.6647587e-02
   2.5100000e+01   5.0104391e-02   2.8771952e-02   6.3509419e-02   3.8707801e-02   1.9513996e-02
   2.5200000e+01   5.2727853e-02   2.1056567e-02   8.0800225e-02   3.5240471e-02   1.1171550e-02
   2.5300000e+01   5.3205066e-02   2.0996592e-02   8.2646912e-02   4.2955306e-02   1.1120794e-02
   2.5400000e+01   5.3556128e-02   2.0927107e-02   7.4461168e-02   3.5017062e-02   1.5901094e-02
   2.5500000e+01   5.5785921e-02   2.1355251e-02   8.2653585e-02   3.1582460e-02   2.0887873e-02
   2.5600000e+01   5.8337834e-02   2.3515286e-02   6.0033312e-02   4.8187851e-02   1.0094385e-02
   2.5700000e+01   4.7764026e-02   3.1355221e-02   6.4611328e-02   6.1244685e-02   1.3704569e-02
   2.5800000e+01   4.8961059e-02   1.9539686e-02   6.7865935e-02   6.8772744e-02   2.2489181e-02
   2.5900000e+01   4.6317822e-02   1.5611851e-02   6.5416001e-02   7.6513892e-02   2.6831580e-02
   2.6000000e+01   5.0789724e-02   2.2343686e-02   6.1914838e-02   6.8962630e-02   1.6457810e-02
   2.6100000e+01   4.8102397e-02   2.2547951e-02   7.4075365e-02   6.8789538e-02   1.7430349e-02
   2.6200000e+01   4.3842589e-02   3.2833776e-02   5.2206881e-02   5.8135716e-02   2.1667008e-02
   2.6300000e+01   4.6312962e-02   3.4658591e-02   6.2354738e-02   6.0519854e-02   2.1788027e-02
   2.6400000e+01   4.7952375e-02   2.3966945e-02   6.9923604e-02   6.0154052e-02   1.2943925e-02
   2.6500000e+01   4.4345497e-02   3.0055700e-02   1.0041424e-01   5.0108310e-02   1.4234256e-02
   2.6600000e+01   4.2962710e-02   4.6033535e-02   1.1843807e-01   4.8187026e-02   2.2000735e-02
   2.6700000e+01   2.6411948e-02   3.1297420e-02   1.1507302e-01   3.8790672e-02   2.9495654e-02
   2.6800000e+01   2.1793589e-02   3.2008755e-02   1.3068590e-01   3.6075249e-02   2.4952503e-02
   2.6900000e+01   2.7903419e-02   3.8843600e-02   1.1423468e-01   3.6414358e-02   3.4609833e-02
   2.7000000e+01   3.2156490e-02   2.5782995e-02   9.3209614e-02   4.1148498e-02   2.7353762e-02
   2.7100000e+01   3.2140113e-02   2.9968180e-02   9.0622431e-02   3.8991590e-02   3.1753211e-02
   2.7200000e+01   2.6771265e-02   3.0281444e-02   8.6610957e-02   4.5305173e-02   4.3690970e-02
   2.7300000e+01   3.1865588e-02   3.7018789e-02   8.8541054e-02   4.9818045e-02   3.7525739e-02
   2.7400000e+01   3.0734251e-02   2.2758334e-02   8.3166570e-02   4.2704856e-02   3.4790049e-02
   2.7500000e+01   3.4854954e-02   3.5549989e-02   8.1770757e-02   3.9873239e-02   2.8657648e-02
   2.7600000e+01   3.5772506e-02   2.8637494e-02   6.8474113e-02   3.9884868e-02   2.8858227e-02
   2.7700000e+01   4.5453639e-02   2.5587059e-02   7.3424490e-02   3.0726486e-02   3.9143116e-02
   2.7800000e+01   5.4503422e-02   2.4402194e-02   7.3581647e-02   3.6944078e-02   4.3341226e-02
   2.7900000e+01   6.1612564e-02   3.3780979e-02   7.9936943e-02   2.8689276e-02   4.9986905e-02
   2.8000000e+01   5.0206977e-02   3.2180444e-02   7.9199830e-02   3.0559921e-02   5.7139374e-02
   2.8100000e+01   4.8880129e-02   2.8792578e-02   8.1991276e-02   3.0479339e-02   5.3812993e-02
   2.8200000e+01   4.2655582e-02   3.0652323e-02   8.8155873e-02   3.1810457e-02   5.1858763e-02
   2.8300000e+01   3.2150165e-02   3.6265598e-02   8.1561960e-02   4.2529777e-02   3.9655102e-02
   2.8400000e+01   3.7817927e-02   2.9973893e-02   9.7209236e-02   3.6031813e-02   3.8732981e-02
   2.8500000e+01   3.7666240e-02   3.2974538e-02   1.1022571e-01   3.0964021e-02   4.4383820e-02
   2.8600000e+01   3.0581763e-02   3.1361323e-02   9.8983299e-02   3.2850854e-02   4.4428999e-02
   2.8700000e+01   3.5690415e-02   3.3921198e-02   8.9314446e-02   2.4243569e-02   3.2789099e-02
   2.8800000e+01   4.4832388e-02   3.4784913e-02   9.0983643e-02   2.4262907e-02   4.4468778e-02
   2.8900000e+01   4.3305450e-02   4.7422767e-02   1.0188149e-01   1.6371805e-02   4.1340447e-02
   2.9000000e+01   3.6733153e-02   4.0624382e-02   1.0011210e-01   2.3935133e-02   4.7675386e-02
   2.9100000e+01   4.6795396e-02   3.7617067e-02   9.7380752e-02   3.8831105e-02   5.2293016e-02
   2.9200000e+01   5.1068028e-02   3.5637362e-02   1.0009480e-01   3.5279810e-02   3.5898895e-02
   2.9300000e+01   5.1314441e-02   4.1096357e-02   9.6157626e-02   4.2658960e-02   5.3976434e-02
   2.9400000e+01   4.8213504e-02   3.7533872e-02   1.0209835e-01   3.6133399e-02   4.1356433e-02
   2.9500000e+01   3.9568096e-02   4.5238447e-02   8.7563079e-02   5.0660963e-02   4.1256392e-02
   2.9600000e+01   4.0266619e-02   4.9514132e-02   9.6262495e-02   4.2777366e-02   3.2122642e-02
   2.9700000e+01   3.7186151e-02   5.6553427e-02   9.7142842e-02   4.4663362e-02   2.2530821e-02
   2.9800000e+01   4.5712654e-02   6.0400811e-02   1.2153620e-01   3.3536414e-02   3.9122990e-02
   2.9900000e+01   3.1652767e-02   5.2735806e-02   1.9397653e-01   3.5022057e-02   3.8630619e-02
   3.0000000e+01   3.4544039e-02   5.4558891e-02   1.9418335e-01   3.1603008e-02   5.3274989e-02
   3.0100000e+01   2.8490056e-02   5.3572306e-02   1.9046098e-01   3.0499901e-02   4.2199888e-02
   3.0200000e+01   2.3403656e-02   4.9772171e-02   1.7062990e-01   2.4862986e-02   3.6848257e-02
   3.0300000e+01   3.0781387e-02   4.7688556e-02   1.4902723e-01   1.8678238e-02   3.1900726e-02
   3.0400000e+01   3.9658810e-02   4.4706021e-02   1.3622846e-01   2.3494746e-02   3.6633886e-02
   3.0500000e+01   4.7663602e-02   4.8364936e-02   1.1686619e-01   2.7380961e-02   2.2956695e-02
   3.0600000e+01   3.7325835e-02   4.4916500e-02   1.0930027e-01   1.9431773e-02   3.3041304e-02
   3.0700000e+01   4.5616538e-02   4.4790195e-02   8.4308858e-02   2.7736218e-02   3.4633873e-02
   3.0800000e+01   4.0448910e-02   5.2088180e-02   7.9308384e-02   2.3850279e-02   5.2038062e-02
   3.0900000e+01   3.7975923e-02   5.4649685e-02   5.5860191e-02   1.3448517e-02   4.3666722e-02
   3.1000000e+01   4.4492596e-02   6.6963120e-02   6.0794808e-02   1.5387405e-02   3.8573181e-02
   3.1100000e+01   2.9379634e-02   6.1323515e-02   5.6680624e-02   1.0555143e-02   4.8584920e-02
   3.1200000e+01   3.0324358e-02   5.6110690e-02   4.8122351e-02   1.3656171e-02   4.2934969e-02
   3.1300000e+01   2.2902380e-02   6.3849905e-02   2.7929600e-02   1.1576559e-02   4.9022349e-02
   3.1400000e+01   3.4100736e-02   5.6892750e-02   3.0037773e-02   1.5429827e-02   3.6708368e-02
   3.1500000e+01   2.5241011e-02   5.0511114e-02   2.3502293e-02   5.1231154e-03   3.1527417e-02
   3.1600000e+01   2.9059610e-02   3.1040219e-02   1.9107668e-02   4.7125735e-03   2.9897466e-02
   3.1700000e+01   1.9634236e-02   3.9595974e-02   1.1626884e-02   4.5931016e-03   3.9377425e-02
   3.1800000e+01   2.5126974e-02   4.8493339e-02   1.4438943e-02   3.0518444e-02   3.4962685e-02
   3.1900000e+01   1.7830684e-02   4.1733254e-02  -7.6715330e-03   3.8580385e-02   2.8057344e-02
   3.2000000e+01   2.4616863e-02   4.3688579e-02  -1.2057464e-03   5.5121456e-02   3.1163013e-02
   3.2100000e+01   2.9054544e-02   4.2215724e-02   1.9404357e-02   6.0354004e-02   3.8874392e-02
   3.2200000e+01   3.5162137e-02   3.6859339e-02  -4.6654532e-03   4.8435472e-02   2.9418442e-02
   3.2300000e+01   4.0696650e-02   4.8796343e-02   7.2993934e-03   4.6751600e-02   2.8289141e-02
   3.2400000e+01   5.0486612e-02   4.8677528e-02   1.8888006e-02   3.7956148e-02   2.9693700e-02
   3.2500000e+01   4.2653735e-02   4.6742043e-02   2.7440937e-02   4.8975306e-02   3.5593789e-02
   3.2600000e+01   3.9118178e-02   3.8125008e-02   2.3020559e-02   3.4566279e-02   2.1788858e-02
   3.2700000e+01   4.7053360e-02   4.2459423e-02   2.6215853e-02   3.6497609e-02   2.9859728e-02
   3.2800000e+01   7.0292883e-02   4.4252138e-02   2.3716917e-02   2.9437636e-02   3.0129617e-02
   3.2900000e+01   8.1326226e-02   4.6424773e-02   3.0851253e-02   4.0010796e-02   8.8830732e-03
   3.3000000e+01   7.8080208e-02   5.0926518e-02   2.1612009e-02   3.1397170e-02   3.3340715e-02
   3.3100000e+01   7.3632051e-02   5.2891323e-02   1.8817269e-02   3.0977769e-02   2.9084625e-02
   3.3200000e+01   7.0324933e-02   4.1520897e-02   2.5547374e-02   1.7602653e-02   3.4058884e-02
   3.3300000e+01   6.1223146e-02   5.5059182e-02   3.0259229e-02   2.7015899e-02   3.8337733e-02
   3.3400000e+01   5.6001559e-02   4.7150017e-02   2.8809625e-02   1.3066199e-02   2.7793672e-02
   3.3500000e+01   5.1404311e-02   5.3914872e-02   3.4426112e-02   1.9914107e-02   2.1485742e-02
   3.3600000e+01   2.9196956e-02   4.8335107e-02   2.7030947e-02   3.8123004e-02   2.7367621e-02
   3.3700000e+01   2.6084800e-02   5.4017132e-02   3.7934356e-02   3.9548462e-02   2.7639600e-02
   3.3800000e+01   3.7420839e-02   5.1102367e-02   3.6001682e-02   5.5686482e-02   2.5109739e-02
   3.3900000e+01   3.7736152e-02   4.7659372e-02   3.9928039e-02   5.3551930e-02   2.6462018e-02
   3.4000000e+01   3.8319284e-02   4.9265786e-02   3.6715215e-02   6.6088918e-02   3.8270728e-02
   3.4100000e+01   4.2902267e-02   5.2069751e-02   2.4647547e-02   5.6291536e-02   3.3911117e-02
   3.4200000e+01   4.6057100e-02   4.8573306e-02   2.6826861e-02   5.5352374e-02   3.5090886e-02
   3.4300000e+01   5.0824712e-02   5.2013511e-02   2.8965268e-02   5.6456482e-02   4.2613015e-02
   3.4400000e+01   3.8266655e-02   4.6542206e-02   2.6643928e-02   5.9132490e-02   4.9568335e-02
   3.4500000e+01   4.4978228e-02   3.1463021e-02   4.0304308e-02   5.8436929e-02   5.4276034e-02
   3.4600000e+01   3.3092480e-02   3.7263886e-02   4.0719705e-02   5.7206117e-02   4.3232493e-02
   3.4700000e+01   3.6861833e-02   3.2405951e-02   4.2022822e-02   6.4718635e-02   4.2559572e-02
   3.4800000e+01   3.7159275e-02   3.2167736e-02   3.2020538e-02   5.5611513e-02   3.9186301e-02
   3.4900000e+01   4.5534768e-02   4.8993890e-02   3.5721495e-02   5.2475511e-02   2.8646791e-02
   3.5000000e+01   2.9400091e-02   3.4058395e-02   4.2393581e-02   4.9880039e-02   3.0859810e-02
   3.5100000e+01   3.3450633e-02   3.5314800e-02   3.5983428e-02   4.4406237e-02   3.7347699e-02
   3.5200000e+01   2.6581640e-02   4.4917215e-02   4.7318675e-02   3.9656765e-02   2.8196658e-02
   3.5300000e+01   3.2654099e-02   4.5325110e-02   4.4158271e-02   3.7905243e-02   3.4256638e-02
   3.5400000e+01   3.4452391e-02   4.8858875e-02   4.7558588e-02   4.0043771e-02   4.3014577e-02
   3.5500000e+01   3.3518064e-02   4.4810590e-02   3.2891064e-02   4.0012720e-02   4.0423916e-02
   3.5600000e+01   3.2962727e-02   4.6799215e-02   3.9757901e-02   2.7809825e-02   2.7139315e-02
   3.5700000e+01   4.0803259e-02   5.1939309e-02   3.4785758e-02   4.3482206e-02   2.7707575e-02
   3.5800000e+01   3.2844652e-02   4.2399744e-02   5.2702084e-02   3.5768284e-02   2.8415764e-02
   3.5900000e+01   2.9702804e-02   2.9204299e-02   4.2091361e-02   4.3309342e-02   2.8365233e-02
   3.6000000e+01   4.3318697e-02   3.8501154e-02   5.3209067e-02   4.7999000e-02   2.1193432e-02
   3.6100000e+01   5.0546820e-02   4.2799959e-02   5.1753874e-02   5.2289848e-02   3.1179081e-02
   3.6200000e+01   5.0020182e-02   3.8793904e-02   5.6374610e-02   5.1856616e-02   2.9035531e-02
   3.6300000e+01   5.9397685e-02   3.9736289e-02   6.4830587e-02   6.3900824e-02   1.8840040e-02
   3.6400000e+01   5.9977138e-02   3.6956884e-02   5.5532724e-02   4.9003532e-02   2.9424009e-02
   3.6500000e+01   4.8439720e-02   2.3410199e-02   7.0086500e-02   5.9878231e-02   3.0508598e-02
   3.6600000e+01   4.0144503e-02   4.3585473e-02   6.1730407e-02   5.0047419e-02   3.0823578e-02
   3.6700000e+01   4.1955955e-02   3.8025908e-02   5.9837043e-02   5.1869787e-02   3.4857287e-02
   3.6800000e+01   2.8069784e-02   3.4411583e-02   5.3861900e-02   2.8948818e-02   3.6561996e-02
   3.6900000e+01   3.8594141e-02   3.0419808e-02   5.3227337e-02   3.4937984e-02   3.4763555e-02
   3.7000000e+01   2.2692708e-02   3.4756223e-02   5.4459023e-02   4.4874221e-02   3.0842414e-02
   3.7100000e+01   3.2996606e-02   4.8165848e-02   7.8067260e-02   7.5877379e-02   3.4391894e-02
   3.7200000e+01   2.0799763e-02   5.5395303e-02   1.0097211e-01   8.2221697e-02   3.9038953e-02
   3.7300000e+01   3.3001121e-02   5.0519648e-02   1.1289342e-01   8.0912335e-02   2.8836582e-02
   3.7400000e+01   2.4226140e-02   5.3131492e-02   1.0658546e-01   9.9230463e-02   2.6398191e-02
   3.7500000e+01   3.1847842e-02   4.4692247e-02   9.1084976e-02   1.0358832e-01   2.8696931e-02
   3.7600000e+01   1.5255152e-02   4.5222472e-02   8.4329143e-02   1.0949509e-01   3.4360720e-02
   3.7700000e+01   1.9647427e-02   4.7811507e-02   8.8177669e-02   8.9772798e-02   3.8363229e-02
   3.7800000e+01   2.4550382e-02   4.7500562e-02   8.1088266e-02   7.9009136e-02   5.1722798e-02
   3.7900000e+01   1.7992958e-02   4.6839227e-02   7.1184043e-02   8.7971484e-02   3.7181898e-02
   3.8000000e+01   2.4225548e-02   3.0136942e-02   6.0930939e-02   7.3805762e-02   3.6454107e-02
   3.8100000e+01   2.9646237e-02   4.1033137e-02   7.6027096e-02   6.8021380e-02   3.9615776e-02
   3.8200000e+01   3.1296870e-02   4.2511682e-02   7.3050922e-02   5.4574148e-02   2.4407865e-02
   3.8300000e+01   3.4561417e-02   5.0098206e-02   6.8594649e-02   5.4790126e-02   3.2608044e-02
   3.8400000e+01   3.1561707e-02   4.3394181e-02   7.6125976e-02   5.1873845e-02   2.9818184e-02
   3.8500000e+01   3.8465633e-02   5.8494646e-02   7.0337942e-02   4.3076573e-02   3.3591113e-02
   3.8600000e+01   3.1865562e-02   6.6616451e-02   6.5776379e-02   4.3851671e-02   3.7239372e-02
   3.8700000e+01   4.2419288e-02   6.9281746e-02   6.7448955e-02   5.5808549e-02   3.9071571e-02
   3.8800000e+01   4.9109431e-02   5.0695661e-02   7.6355152e-02   8.3316177e-02   4.5495541e-02
   3.8900000e+01   6.9158823e-02   6.8696916e-02   6.2350329e-02   8.4746635e-02   3.1586040e-02
   3.9000000e+01   8.1135946e-02   6.0253121e-02   6.2454855e-02   1.0234444e-01   3.9630799e-02
   3.9100000e+01   8.1463659e-02   5.4859515e-02   7.4264592e-02   8.5414141e-02   5.1940068e-02
   3.9200000e+01   9.3033801e-02   5.6158180e-02   5.9688858e-02   1.0107512e-01   5.1416597e-02
   3.9300000e+01   9.4302224e-02   5.5834005e-02   5.6805995e-02   7.6945647e-02   4.9961957e-02
   3.9400000e+01   8.9128256e-02   5.9735270e-02   6.5422191e-02   7.4561066e-02   5.9435906e-02
   3.9500000e+01   9.2357399e-02   6.2505995e-02   4.9811438e-02   8.5005654e-02   5.5513975e-02
   3.9600000e+01   1.0755959e-01   6.4931910e-02   5.8187625e-02   9.3802892e-02   5.3356034e-02
   3.9700000e+01   1.0409060e-01   6.2153065e-02   4.5081941e-02   8.1811220e-02   4.6390634e-02
   3.9800000e+01   1.1499023e-01   6.9077130e-02   4.8637308e-02   8.7133178e-02   4.1355703e-02
   3.9900000e+01   1.2424553e-01   5.2712655e-02   3.9948244e-02   7.2545396e-02   4.1222272e-02
   4.0000000e+01   1.2213601e-01   5.8736709e-02   4.4836501e-02   7.3142434e-02   3.0651081e-02
   4.0100000e+01   1.0780712e-01   4.7603704e-02   4.7019818e-02   7.0975872e-02   3.2773160e-02
   4.0200000e+01   9.9460307e-02   5.6014239e-02   3.9020064e-02   7.3238900e-02   1.9233470e-02
   4.0300000e+01   9.8325290e-02   4.2137364e-02   3.4039631e-02   7.8391418e-02   3.5816489e-02
   4.0400000e+01   8.7914073e-02   4.5159949e-02   3.5129387e-02   6.5855467e-02   2.6454888e-02
   4.0500000e+01   8.0264855e-02   3.7775374e-02   3.9994644e-02   6.0619215e-02   1.7590077e-02
   4.0600000e+01   7.2280648e-02   5.1200239e-02   1.6227146e-02   5.9625063e-02   2.1055117e-02
   4.0700000e+01   7.7224001e-02   5.4944334e-02   3.5310237e-02   4.3070631e-02   1.9728096e-02
   4.0800000e+01   6.0834773e-02   5.2247088e-02   3.7415284e-02   4.7139429e-02   1.5883955e-02
   4.0900000e+01   6.1198286e-02   4.7901033e-02   1.7842758e-02   5.0445437e-02   2.8941854e-02
   4.1000000e+01   5.9155698e-02   4.7193388e-02   4.2833057e-02   5.1321535e-02   2.4196114e-02
   4.1100000e+01   5.7858831e-02   5.2924783e-02   3.5546234e-02   4.8641603e-02   2.1318863e-02
   4.1200000e+01   6.0174404e-02   4.2134778e-02   4.4311410e-02   5.3209261e-02   1.4679002e-02
   4.1300000e+01   6.2170726e-02   5.9983853e-02   3.7220347e-02   4.9901579e-02   2.6870431e-02
   4.1400000e+01   5.9914309e-02   2.6250678e-02   3.5179633e-02   4.8601558e-02   3.2433790e-02
   4.1500000e+01   5.5470132e-02   5.5322963e-02   3.6450320e-02   3.6872626e-02   3.5462320e-02
   4.1600000e+01   4.4374614e-02   4.4156168e-02   2.6312892e-02   4.3553134e-02   3.3460719e-02
   4.1700000e+01   4.9157687e-02   4.1330472e-02   3.3693203e-02   4.8828842e-02   5.0737568e-02
   4.1800000e+01   3.0623692e-02   5.2049407e-02   1.9057457e-02   4.7514920e-02   4.9911497e-02
   4.1900000e+01   5.0276702e-02   5.2589272e-02   3.5780226e-02   4.9321468e-02   4.0101917e-02
   4.2000000e+01   3.4987665e-02   5.6338297e-02   9.7248109e-03   4.7952686e-02   5.0781516e-02
   4.2100000e+01   4.5921517e-02   5.2878242e-02   1.8659971e-02   4.5329034e-02   6.0080125e-02
   4.2200000e+01   3.7078090e-02   3.7347207e-02   1.9697186e-02   6.5848832e-02   5.6259574e-02
   4.2300000e+01   3.9299053e-02   4.6662302e-02   9.2529747e-03   7.6263300e-02   4.2455573e-02
   4.2400000e+01   4.3305705e-02   4.6679427e-02   2.7695075e-02   6.9105859e-02   4.6285483e-02
   4.2500000e+01   4.6845858e-02   3.6366271e-02   6.9394259e-03   6.6617557e-02   3.4806382e-02
   4.2600000e+01   4.3218840e-02   3.2852566e-02   2.2774061e-02   6.3065915e-02   4.3136431e-02
   4.2700000e+01   3.9249523e-02   2.4090341e-02   1.9535904e-02   5.7233973e-02   8.1200850e-02
   4.2800000e+01   3.2830181e-02   3.4166076e-02   3.2762486e-02   5.6738041e-02   5.4353570e-02
   4.2900000e+01   3.8458958e-02   4.4246631e-02   1.7381455e-02   5.5971749e-02   3.7866319e-02
   4.3000000e+01   4.2711281e-02   3.2066106e-02   1.1176750e-02   5.6429567e-02   2.9074488e-02
   4.3100000e+01   4.9761954e-02   4.1349151e-02   2.5706815e-02   6.6467785e-02   3.7415807e-02
   4.3200000e+01   3.4547456e-02   4.0846306e-02   2.5497539e-02   6.0994793e-02   2.7279577e-02
   4.3300000e+01   3.7265039e-02   3.6324351e-02   2.7413553e-02   6.3071052e-02   3.2541726e-02
   4.3400000e+01   4.6729592e-02   3.7787085e-02   9.9017822e-03   5.7948210e-02   2.4011695e-02
   4.3500000e+01   4.2873384e-02   4.1455350e-02   2.1625516e-02   5.0769098e-02   3.9818374e-02
   4.3600000e+01   5.5302647e-02   3.3541565e-02   2.4678106e-02   4.9008236e-02   4.2239683e-02
   4.3700000e+01   5.7885009e-02   2.7164660e-02   1.5871298e-02   4.4157784e-02   3.7863463e-02
   4.3800000e+01   4.7102102e-02   3.3887935e-02   1.9957017e-02   5.4670982e-02   2.7119312e-02
   4.3900000e+01   5.1633925e-02   3.4830230e-02   1.8081251e-02   6.8017870e-02   2.2415171e-02
   4.4000000e+01   6.3051207e-02   1.7187645e-02   1.5316102e-02   4.8563408e-02   3.6276140e-02
   4.4100000e+01   5.6593120e-02   2.1937010e-02   9.7378063e-03   4.4426416e-02   4.9358080e-02
   4.4200000e+01   6.8540873e-02   2.3307854e-02   1.9885848e-02   4.6179224e-02   5.7433359e-02
   4.4300000e+01   5.7547295e-02   1.6036009e-02   1.0234256e-02   5.2078083e-02   4.5562438e-02
   4.4400000e+01   4.0600858e-02   2.7480744e-02   1.5740263e-02   6.9593481e-02   4.5325137e-02
   4.4500000e+01   5.1516300e-02   2.7002859e-02   1.1209192e-02   7.5044499e-02   5.5837366e-02
   4.4600000e+01   5.6698583e-02   2.2606474e-02   1.7310488e-02   7.6476447e-02   5.2647146e-02
   4.4700000e+01   4.8049276e-02   1.4766129e-02   2.0342155e-02   7.4401735e-02   4.5277295e-02
   4.4800000e+01   5.0526358e-02   2.6912564e-02   2.0429194e-02   5.8434203e-02   3.6009004e-02
   4.4900000e+01   5.3866811e-02   3.8811689e-02   2.2661395e-02   4.9964971e-02   4.1105253e-02
   4.5000000e+01   5.8475074e-02   2.2906484e-02  -8.3888693e-03   4.8543769e-02   4.5691163e-02
   4.5100000e+01   4.8722126e-02   2.5665328e-02   1.0143034e-02   4.9525447e-02   4.1828742e-02
   4.5200000e+01   5.0016959e-02   2.5430693e-02   2.1386163e-02   4.4704775e-02   3.6015661e-02
   4.5300000e+01   5.4690741e-02   3.5827938e-02   1.9411833e-02   3.6487724e-02   3.7912550e-02
   4.5400000e+01   6.0668244e-02   4.2000133e-02   3.8884971e-03   4.9526552e-02   4.7286990e-02
   4.5500000e+01   7.7417587e-02   4.1829208e-02   1.1995802e-02   5.5536260e-02   5.3464899e-02
   4.5600000e+01   7.8475229e-02   4.0456313e-02   2.8598480e-02   4.6583008e-02   5.3814248e-02
   4.5700000e+01   6.4200722e-02   4.3263768e-02   8.1919128e-03   6.7251016e-02   4.4958527e-02
   4.5800000e+01   7.8986595e-02   3.8835963e-02   4.7722933e-02   6.7448504e-02   6.0772356e-02
   4.5900000e+01   6.7277647e-02   4.0875437e-02   2.7639010e-02   6.4035212e-02   5.4878226e-02
   4.6000000e+01   6.4007760e-02   3.6801742e-02   2.8046797e-02   5.4616090e-02   6.4402445e-02
   4.6100000e+01   5.8617782e-02   4.2156147e-02   3.0757633e-02   5.6440998e-02   4.9071604e-02
   4.6200000e+01   5.5235975e-02   4.4916172e-02   1.8433201e-02   6.3183876e-02   5.2137533e-02
   4.6300000e+01   5.6551318e-02   5.0493157e-02   1.7524522e-02   5.2263465e-02   4.0940753e-02
   4.6400000e+01   4.7336360e-02   4.6235462e-02   1.7960378e-02   4.6984043e-02   4.1351302e-02
   4.6500000e+01   5.5375873e-02   5.0618197e-02   6.0386096e-03   5.1332811e-02   5.6591201e-02
   4.6600000e+01   4.0299966e-02   3.5672882e-02   1.3036893e-02   4.6569589e-02   4.0713460e-02
   4.6700000e+01   4.1101528e-02   4.2296027e-02   1.9035520e-02   4.1696697e-02   3.9428199e-02
   4.6800000e+01   2.6423389e-02   5.4550601e-02   1.9447644e-02   3.7820035e-02   4.2398089e-02
   4.6900000e+01   3.8189634e-02   5.7835416e-02   6.4716059e-03   4.4668313e-02   3.1375358e-02
   4.7000000e+01   2.6264417e-02   6.1926761e-02   2.3680304e-02   5.2758291e-02   3.3346897e-02
   4.7100000e+01   2.3865627e-02   5.4690226e-02   9.1482321e-03   4.8542859e-02   3.4086856e-02
   4.7200000e+01   1.4144031e-02   6.4677431e-02   9.1366787e-03   3.8855618e-02   3.4018176e-02
   4.7300000e+01   1.1870184e-02   5.9822966e-02   1.2576497e-02   5.1493836e-02   3.1256565e-02
   4.7400000e+01   7.5608467e-03   5.5563561e-02   1.4527105e-02   5.6431924e-02   1.4926574e-02
   4.7500000e+01   8.0794893e-03   5.0678216e-02   3.8130355e-03   5.7339732e-02   3.7412533e-02
   4.7600000e+01   1.4470072e-02   5.8000580e-02   1.1227127e-02   6.1732350e-02   3.2017352e-02
   4.7700000e+01   5.1347345e-03   6.3020675e-02   3.0805387e-03   5.6438818e-02   2.8511982e-02
   4.7800000e+01   1.0042517e-02   5.4262500e-02   5.1460753e-03   5.4683106e-02   3.0826721e-02
   4.7900000e+01   4.4561598e-03   5.9434195e-02   4.3141519e-03   5.8964464e-02   2.2710660e-02
   4.8000000e+01   6.4232824e-03   5.5891980e-02   1.1659106e-02   6.8256312e-02   2.9501209e-02
   4.8100000e+01   8.4187950e-03   4.2689095e-02   2.0688829e-02   5.9629580e-02   2.9517199e-02
   4.8200000e+01   7.7250877e-03   4.4553260e-02   1.1909517e-02   4.9717199e-02   3.2776188e-02
   4.8300000e+01   2.9892903e-03   4.3628175e-02   1.4941215e-02   3.8527817e-02   2.6285227e-02
   4.8400000e+01   4.0725829e-03   3.9229589e-02   4.2947448e-03   3.9295175e-02   3.2200966e-02
   4.8500000e+01   1.1582176e-02   4.4885634e-02   7.5320604e-03   3.4367073e-02   4.1025006e-02
   4.8600000e+01   1.4782778e-02   4.0614959e-02   5.8164780e-03   2.9975881e-02   3.9624745e-02
   4.8700000e+01   1.5797373e-02   3.5230684e-02   1.4315470e-02   4.0674709e-02   3.8958294e-02
   4.8800000e+01   1.1291043e-02   2.5555569e-02   1.0002756e-02   5.1988337e-02   3.6889673e-02
   4.8900000e+01   1.1800596e-02   4.0818064e-02   1.3713761e-02   5.6470365e-02   4.2902572e-02
   4.9000000e+01   9.8606087e-03   4.5999319e-02   3.1106644e-03   6.5426163e-02   3.9844472e-02
   4.9100000e+01   2.0601550e-02   4.4217024e-02   1.3525574e-02   5.8458461e-02   2.5918911e-02
   4.9200000e+01   2.8258449e-02   4.1313219e-02  -5.7948241e-04   6.7121490e-02   2.6668900e-02
   4.9300000e+01   2.6131979e-02   3.6442953e-02   1.5681786e-02   6.4208668e-02   3.2683959e-02
   4.9400000e+01   3.6840979e-02   2.2797478e-02   4.1528808e-03   5.9797816e-02   3.3357039e-02
   4.9500000e+01   4.0823232e-02   3.2401393e-02   7.5487864e-03   4.4614824e-02   2.1737198e-02
   4.9600000e+01   5.4105364e-02   4.1763078e-02   1.0552387e-02   4.3193802e-02   1.7576227e-02
   4.9700000e+01   4.6545477e-02   3.5579483e-02   1.1416186e-02   3.6868390e-02   2.2920316e-02
   4.9800000e+01   4.5665770e-02   3.4665578e-02   6.6022281e-03   3.6871848e-02   3.2140425e-02
   4.9900000e+01   4.0564372e-02   3.7680443e-02   2.9300337e-03   3.7849306e-02   2.5433485e-02
   5.0000000e+01   5.4540135e-02   3.5300378e-02   3.8573903e-03   4.1936214e-02   2.3974124e-02
   5.0100000e+01   5.7158718e-02   3.0675872e-02   5.4322869e-03   6.8926792e-02   2.8307143e-02
   5.0200000e+01   3.4917729e-02   4.0167957e-02   8.7905435e-03   8.5189811e-02   3.8235042e-02
   5.0300000e+01   4.2894173e-02   4.0209332e-02   1.6636695e-02   1.0409337e-01   4.2100362e-02
   5.0400000e+01   3.9956426e-02   3.4237747e-02   7.0383707e-03   9.3601497e-02   4.0600831e-02
   5.0500000e+01   4.5310948e-02   4.3100262e-02   1.5958686e-02   8.1228965e-02   4.3409700e-02
   5.0600000e+01   4.0009851e-02   2.9322667e-02   6.3670239e-03   7.2948313e-02   3.8337419e-02
   5.0700000e+01   4.1463143e-02   4.0193472e-02   1.9543250e-02   7.3757281e-02   3.8900559e-02
   5.0800000e+01   3.1047417e-02   4.8321127e-02   2.3395658e-02   6.9522289e-02   3.8790368e-02
   5.0900000e+01   2.4333367e-02   4.0487012e-02   2.0817918e-02   6.9808507e-02   2.6557927e-02
   5.1000000e+01   2.9297576e-02   4.6383986e-02   2.7209556e-02   6.2407225e-02   3.4638996e-02
   5.1100000e+01   1.8517364e-02   4.1685931e-02   2.1240966e-02   6.6864204e-02   2.7965835e-02
   5.1200000e+01   2.5529299e-02   5.6419496e-02   1.1141786e-02   7.1921702e-02   3.1622425e-02
   5.1300000e+01   3.4641939e-02   4.1755351e-02   1.2291613e-02   6.8891000e-02   2.1372464e-02
   5.1400000e+01   4.3882742e-02   6.1225946e-02   1.5640602e-02   6.7426778e-02   1.4183763e-02
   5.1500000e+01   3.6964494e-02   4.8711511e-02   7.4183262e-03   7.2586086e-02   2.4227242e-02
   5.1600000e+01   5.1781397e-02   4.3678426e-02   7.7053618e-03   6.7054844e-02   2.7175152e-02
   5.1700000e+01   5.0327050e-02   3.6362011e-02   9.7710354e-03   6.1774522e-02   2.3754141e-02
   5.1800000e+01   3.2416099e-02   5.4615785e-02   7.6232440e-03   6.5387090e-02   1.9288000e-02
   5.1900000e+01   2.9759722e-02   5.0875120e-02   1.4496454e-02   5.4630608e-02   2.7373419e-02
   5.2000000e+01   3.7345648e-02   5.1481525e-02  -7.8840578e-03   6.6543116e-02   3.3496108e-02
   5.2100000e+01   2.1499831e-02   4.8017530e-02   1.7037876e-02   7.6904205e-02   2.7886508e-02
   5.2200000e+01   2.7627199e-02   5.0033545e-02   7.3744124e-03   8.4901173e-02   2.7287787e-02
   5.2300000e+01   2.8047729e-02   5.8542000e-02   1.0309921e-02   7.7659041e-02   2.4280016e-02
   5.2400000e+01   1.9023262e-02   4.9209205e-02   3.2800886e-03   7.3709969e-02   3.5032645e-02
   5.2500000e+01   3.1325305e-02   4.0125030e-02   9.0789542e-03   7.6449737e-02   3.3084275e-02
   5.2600000e+01   2.4012558e-02   3.7479675e-02   3.4403117e-03   8.0881435e-02   1.9117664e-02
   5.2700000e+01   2.1118501e-02   4.5428879e-02  -5.4662017e-03   8.7791393e-02   2.7300613e-02
   5.2800000e+01   1.6009301e-02   4.6484854e-02  -6.4067751e-03   7.8522611e-02   2.4042202e-02
   5.2900000e+01   2.1385511e-02   2.9387659e-02  -1.5138818e-02   8.0945819e-02   3.1425962e-02
   5.3000000e+01   1.2502564e-02   2.6523484e-02  -3.2894319e-03   8.8666267e-02   3.1402251e-02
   5.3100000e+01   2.1581365e-02   3.0539199e-02   1.0849043e-02   8.0046326e-02   2.7888710e-02
   5.3200000e+01   1.3708009e-02   3.2556974e-02   8.1442323e-03   8.0041264e-02   2.9280529e-02
   5.3300000e+01   2.9592809e-02   1.4688959e-02   3.3087598e-02   7.2171642e-02   3.9779858e-02
   5.3400000e+01   3.5153653e-02   1.5841644e-02   2.1054861e-02   6.0919390e-02   2.5812248e-02
   5.3500000e+01   3.4523208e-02   1.5005088e-02   2.8837281e-02   6.6724158e-02   2.9727937e-02
   5.3600000e+01   2.9629208e-02   1.9499753e-02   3.7017968e-02   6.5523566e-02   1.8433766e-02
   5.3700000e+01   3.3050760e-02   1.5263878e-02   2.7763344e-02   5.5445424e-02   2.1917785e-02
   5.3800000e+01   3.2765135e-02   2.1255423e-02   2.3297423e-02   4.5855492e-02   2.7277885e-02
   5.3900000e+01   3.7546457e-02   1.5178008e-02   1.0630032e-02   4.1564120e-02   2.1984944e-02
   5.4000000e+01   2.5369642e-02   2.7136573e-02   1.5851695e-02   5.0364228e-02   3.2769853e-02
   5.4100000e+01   1.9436411e-02   3.5874258e-02  -5.2772094e-03   5.5033167e-02   2.5475972e-02
   5.4200000e+01   2.7382495e-02   2.5954003e-02   4.7333372e-03   5.8808055e-02   2.9200501e-02
   5.4300000e+01   9.1984180e-03   2.2339248e-02   5.8798718e-03   5.3400323e-02   2.3796421e-02
   5.4400000e+01   1.4555741e-02   3.2550692e-02   1.1207725e-02   4.5109091e-02   2.3142060e-02
   5.4500000e+01   2.1972599e-02   2.7386077e-02  -9.9723630e-03   5.2000739e-02   2.0631829e-02
   5.4600000e+01   3.9412866e-02   2.4705752e-02  -1.4607026e-02   4.4997907e-02   2.6565538e-02
   5.4700000e+01   4.0701519e-02   3.5676587e-02   2.3593881e-02   3.2571525e-02   2.8260988e-02
   5.4800000e+01   3.7138971e-02   3.5002242e-02   3.1164047e-02   3.8930853e-02   2.8698817e-02
   5.4900000e+01   4.0429684e-02   3.7153017e-02   5.9935123e-02   2.3143281e-02   2.8336266e-02
   5.5000000e+01   3.3240091e-02   2.4624412e-02   5.8334020e-02   2.9629070e-02   3.8506055e-02
   5.5100000e+01   4.4603299e-02   4.9422557e-02   4.1780357e-02   3.6516978e-02   2.6040364e-02
   5.5200000e+01   3.9918732e-02   5.1518921e-02   3.0707613e-02   5.3104966e-02   3.3850274e-02
   5.5300000e+01   4.5845244e-02   4.9356956e-02   3.4578890e-02   4.9472374e-02   1.4487723e-02
   5.5400000e+01   4.6463107e-02   4.5814931e-02   2.2197852e-02   5.0439092e-02   2.6776052e-02
   5.5500000e+01   4.1822880e-02   5.4942616e-02   2.8296929e-03   5.1483990e-02   2.3540251e-02
   5.5600000e+01   3.2087573e-02   4.2806941e-02   8.2706315e-03   3.5542738e-02   2.1054231e-02
   5.5700000e+01   3.9279475e-02   4.8692046e-02   7.3896134e-05   3.0965806e-02   2.1193840e-02
   5.5800000e+01   4.6680467e-02   4.0131821e-02  -1.2384273e-03   3.2122794e-02   1.3634539e-02
   5.5900000e+01   3.5076099e-02   5.2626876e-02   3.1985693e-03   3.0085072e-02   2.6735038e-02
   5.6000000e+01   3.3505237e-02   4.0378341e-02  -3.7521741e-03   2.7154081e-02   3.5740538e-02
   5.6100000e+01   3.7704695e-02   4.4937885e-02   5.5332315e-03   3.3248729e-02   3.2656027e-02
   5.6200000e+01   3.7294288e-02   5.3851630e-02   1.9582291e-03   3.9968577e-02   2.2460396e-02
   5.6300000e+01   3.4558364e-02   5.5636585e-02   8.4522577e-03   4.0704595e-02   3.4969585e-02
   5.6400000e+01   3.2446625e-02   6.4254450e-02   8.6189653e-03   4.8461233e-02   2.7239204e-02
   5.6500000e+01   2.7124780e-02   5.5904935e-02   3.9020889e-03   2.8389001e-02   2.0166164e-02
   5.6600000e+01   3.2922590e-02   5.9968830e-02   3.9232655e-03   3.8645769e-02   2.1506883e-02
   5.6700000e+01   4.0218941e-02   7.1636585e-02   4.8285891e-03   5.6921847e-02   2.8412452e-02
   5.6800000e+01   4.5613954e-02   5.8081590e-02   1.0033206e-02   5.1198775e-02   3.2354741e-02
   5.6900000e+01   2.6596665e-02   6.6731254e-02  -3.4644947e-03   5.6431263e-02   2.9476361e-02
   5.7000000e+01   3.4464904e-02   7.0886599e-02   1.7653318e-03   6.3061642e-02   2.8163650e-02
   5.7100000e+01   4.1927942e-02   6.6051884e-02  -1.1364292e-02   5.9971140e-02   3.0855289e-02
   5.7200000e+01   6.0176134e-02   7.0401549e-02   2.0181268e-02   4.7337888e-02   3.3542548e-02
   5.7300000e+01   4.4118517e-02   8.1190994e-02   6.8555942e-02   3.0199716e-02   2.6549117e-02
   5.7400000e+01   4.0533419e-02   8.6761609e-02   9.4543558e-02   3.5313504e-02   2.6297077e-02
   5.7500000e+01   3.9772562e-02   9.8404524e-02   9.4420015e-02   5.2317802e-02   3.3466326e-02
   5.7600000e+01   4.3741145e-02   9.1453339e-02   6.0544421e-02   3.9910940e-02   2.2257605e-02
   5.7700000e+01   4.1413267e-02   8.9016354e-02   5.2382238e-02   6.4452218e-02   1.7138694e-02
   5.7800000e+01   4.9298950e-02   7.5103668e-02   4.0967115e-02   5.1925766e-02   2.5106404e-02
   5.7900000e+01   4.4404063e-02   7.8912423e-02   3.0003931e-02   5.1634094e-02   3.2427353e-02
   5.8000000e+01   4.3779265e-02   6.3256368e-02   2.3391999e-02   5.6103793e-02   2.5047012e-02
   5.8100000e+01   3.9276338e-02   5.9443103e-02   1.2829211e-02   3.9728881e-02   2.1923331e-02
   5.8200000e+01   4.5511271e-02   7.2777378e-02   2.3574993e-02   2.6815679e-02   2.0611211e-02
   5.8300000e+01   4.2490413e-02   5.4644343e-02   1.6110880e-02   2.9270107e-02   1.9726760e-02
   5.8400000e+01   4.7451926e-02   5.3381288e-02   2.5789044e-02   2.3461005e-02   3.1019739e-02
   5.8500000e+01   5.7059668e-02   5.7885593e-02   1.9706420e-02   3.0341923e-02   2.5665898e-02
   5.8600000e+01   4.6166391e-02   3.7890337e-02   1.8622476e-02   2.4460281e-02   2.5388167e-02
   5.8700000e+01   3.9906594e-02   3.1509422e-02   3.1220114e-02   2.8373649e-02   2.5895637e-02
   5.8800000e+01   3.3334048e-02   3.7610207e-02   3.1863711e-02   1.9090777e-02   2.8333476e-02
   5.8900000e+01   5.1506029e-02   3.8307832e-02   4.2278487e-02   1.4193966e-02   3.1913915e-02
   5.9000000e+01   5.6376992e-02   4.3469127e-02   6.6737004e-02   1.4401934e-02   2.2875114e-02
   5.9100000e+01   5.7116664e-02   3.0879502e-02   8.7118720e-02   6.1725197e-03   2.1648614e-02
   5.9200000e+01   5.2757777e-02   2.8290687e-02   8.3885917e-02   7.8358798e-03   3.1152643e-02
   5.9300000e+01   4.9735379e-02   2.2625722e-02   6.3254743e-02   2.7552018e-02   3.6680502e-02
   5.9400000e+01   5.0696962e-02   1.8793307e-02   5.4893890e-02   3.7251026e-02   2.6848651e-02
   5.9500000e+01   5.7264545e-02   1.7171581e-02   4.9607257e-02   2.2113344e-02   3.8424690e-02
   5.9600000e+01   4.9207577e-02   2.5121256e-02   5.7483083e-02   2.4461882e-02   5.4814790e-02
   5.9700000e+01   5.0659930e-02   2.6721501e-02   3.8673540e-02   1.9653280e-02   6.5843339e-02
   5.9800000e+01   3.9640013e-02   3.0465406e-02   3.6517276e-02   2.5897818e-02   5.2970318e-02
   5.9900000e+01   3.7285934e-02   2.7253861e-02   3.7398963e-02   2.0788627e-02   5.4988847e-02
   6.0000000e+01   3.8380598e-02   2.8624926e-02   2.5491450e-02   2.0271185e-02   6.0071207e-02
   6.0100000e+01   3.5782814e-02   2.9467161e-02   1.4943411e-02   2.9922213e-02   5.6456556e-02
   6.0200000e+01   3.8369443e-02   2.5432286e-02   1.5835104e-02   1.9593531e-02   4.8876455e-02
   6.0300000e+01   3.4339854e-02   2.2080370e-02   2.0321362e-02   2.2197389e-02   5.0538744e-02
   6.0400000e+01   4.4252118e-02   2.4825945e-02   4.0123236e-02   2.6223487e-02   4.6041494e-02
   6.0500000e+01   4.5474421e-02   2.2063070e-02   4.7354173e-02   3.3315645e-02   3.5486673e-02
   6.0600000e+01   3.9685314e-02   1.3617205e-02   5.6503159e-02   2.3201743e-02   3.4175442e-02
   6.0700000e+01   4.4568836e-02   2.6406910e-02   4.6516226e-02   2.8932531e-02   3.6579021e-02
   6.0800000e+01   5.3669679e-02   2.4264795e-02   4.7556682e-02   2.8021099e-02   3.9093540e-02
   6.0900000e+01   6.7209971e-02   2.8955010e-02   3.2481529e-02   2.5741418e-02   3.5181510e-02
   6.1000000e+01   6.3289614e-02   3.3850255e-02   2.9734246e-02   2.6072056e-02   3.6864129e-02
   6.1100000e+01   5.9562857e-02   3.3845040e-02   3.9972942e-02   5.0894784e-02   3.4362718e-02
   6.1200000e+01   6.1768419e-02   2.7636394e-02   5.0855689e-02   3.6735342e-02   3.7351737e-02
   6.1300000e+01   6.0024712e-02   2.5075339e-02   7.0249635e-02   5.0775840e-02   4.3347427e-02
   6.1400000e+01   6.8815635e-02   2.8488504e-02   6.9215182e-02   5.0313718e-02   3.2466516e-02
   6.1500000e+01   8.7619077e-02   2.7993039e-02   5.4957099e-02   4.8209626e-02   3.5809785e-02
   6.1600000e+01   8.9325020e-02   2.3766674e-02   5.2447775e-02   4.8759944e-02   3.0189504e-02
   6.1700000e+01   9.8289583e-02   2.2374449e-02   4.7703242e-02   5.4276412e-02   4.4689173e-02
   6.1800000e+01   8.5234305e-02   3.1010044e-02   2.8052678e-02   4.7783810e-02   5.1434353e-02
   6.1900000e+01   7.2745088e-02   3.2405399e-02   3.3986985e-02   4.5786539e-02   3.8437322e-02
   6.2000000e+01   8.2346270e-02   3.8008573e-02   3.9476241e-02   5.2773427e-02   3.4698861e-02
   6.2100000e+01   7.4613333e-02   3.8642418e-02   3.3955768e-02   4.7527855e-02   5.2727400e-02
   6.2200000e+01   7.8842466e-02   3.8126823e-02   2.5937305e-02   5.1022293e-02   4.4198930e-02
   6.2300000e+01   7.4240978e-02   4.1524718e-02   5.1031921e-02   4.3300231e-02   3.8330389e-02
   6.2400000e+01   7.0228801e-02   4.6112733e-02   7.4066468e-02   6.3991249e-02   3.6808718e-02
   6.2500000e+01   6.6019764e-02   5.6328928e-02   5.6429234e-02   8.7955427e-02   2.9524657e-02
   6.2600000e+01   8.0566456e-02   4.9744213e-02   5.0644151e-02   7.8315145e-02   4.2667276e-02
   6.2700000e+01   6.7311529e-02   4.9401988e-02   5.3589568e-02   7.2606793e-02   3.0147116e-02
   6.2800000e+01   6.7918221e-02   4.5834873e-02   6.1263184e-02   7.1941542e-02   1.9575205e-02
   6.2900000e+01   5.7546954e-02   4.8780137e-02   6.1474121e-02   5.5228190e-02   1.5572224e-02
   6.3000000e+01   5.6022717e-02   3.9328482e-02   5.2144977e-02   5.1085538e-02   2.7780563e-02
   6.3100000e+01   5.4698659e-02   5.3011717e-02   4.2434524e-02   4.8503676e-02   3.2564233e-02
   6.3200000e+01   4.9217982e-02   3.7002902e-02   4.1805341e-02   5.3833884e-02   2.3245852e-02
   6.3300000e+01   5.1307345e-02   5.1026217e-02   3.2712657e-02   4.1839762e-02   3.0035281e-02
   6.3400000e+01   5.8058557e-02   5.6115462e-02   3.3403224e-02   4.1868740e-02   2.3571660e-02
   6.3500000e+01   5.8926190e-02   5.3950627e-02   3.5982730e-02   5.1485738e-02   4.2497360e-02
   6.3600000e+01   5.7773112e-02   5.6450052e-02   2.4060907e-02   5.0949636e-02   3.4522029e-02
   6.3700000e+01   5.6345935e-02   6.0073726e-02   2.1439239e-02   4.8700204e-02   2.5160388e-02
   6.3800000e+01   6.1112558e-02   6.6787901e-02   2.5183540e-02   4.6160833e-02   2.7308117e-02
   6.3900000e+01   5.8884520e-02   4.3879786e-02   3.1749517e-02   4.0049451e-02   2.5150736e-02
   6.4000000e+01   5.8749173e-02   4.4302641e-02   3.9083313e-02   3.8495209e-02   3.0173986e-02
   6.4100000e+01   5.8437086e-02   5.3026826e-02   3.9711170e-02   4.5042197e-02   3.3651725e-02
   6.4200000e+01   5.6275698e-02   5.4657431e-02   5.1498857e-02   3.5086965e-02   2.9805574e-02
   6.4300000e+01   7.1332861e-02   4.7096226e-02   3.6876213e-02   2.4951443e-02   2.9782693e-02
   6.4400000e+01   8.9381213e-02   3.9230381e-02   4.0247650e-02   1.9467971e-02   2.5041743e-02
   6.4500000e+01   1.0146723e-01   4.6494176e-02   4.0525256e-02   2.7641659e-02   2.7826712e-02
   6.4600000e+01   1.0506020e-01   3.8302570e-02   3.8676373e-02   1.8203107e-02   1.8902121e-02
   6.4700000e+01   1.0708479e-01   2.8441975e-02   2.7282830e-02   2.2819065e-02   1.2608730e-02
   6.4800000e+01   1.0673272e-01   2.9750670e-02   3.6448066e-02   2.5160604e-02   1.5113419e-02
   6.4900000e+01   8.3770467e-02   3.5677585e-02   4.3349233e-02   3.3083882e-02   1.5056519e-02
   6.5000000e+01   8.4583499e-02   4.1025270e-02   1.9565502e-02   2.2253590e-02   3.4910938e-02
   6.5100000e+01   7.4127172e-02   3.4148005e-02   2.3035056e-02   2.1388288e-02   3.8362967e-02
   6.5200000e+01   8.0151544e-02   2.0937340e-02   5.5588492e-02   3.6276186e-02   3.1727586e-02
   6.5300000e+01   7.0626187e-02   2.9883265e-02   7.9214499e-02   2.9214934e-02   3.7925386e-02
   6.5400000e+01   7.0478000e-02   2.3199709e-02   8.0153896e-02   3.2473822e-02   2.8599845e-02
   6.5500000e+01   6.2589642e-02   3.5768454e-02   8.8521102e-02   3.0153730e-02   2.5989244e-02
   6.5600000e+01   6.1921215e-02   2.9508049e-02   8.9783009e-02   4.4680128e-02   2.6280723e-02
   6.5700000e+01   4.9283058e-02   2.8225064e-02   7.8272365e-02   6.0404576e-02   1.8834233e-02
   6.5800000e+01   4.6118950e-02   3.6527879e-02   6.3773152e-02   6.0825395e-02   3.0572662e-02
   6.5900000e+01   4.9856933e-02   4.0171364e-02   7.5339419e-02   8.2153813e-02   3.1706081e-02
   6.6000000e+01   4.5075976e-02   4.7901489e-02   6.5033255e-02   8.5495471e-02   1.6733030e-02
   6.6100000e+01   5.9496608e-02   5.0315004e-02   5.6454362e-02   9.6101879e-02   1.5140799e-02
   6.6200000e+01   7.8359591e-02   5.2324019e-02   4.4056908e-02   1.1480331e-01   1.7037909e-02
   6.6300000e+01   8.3134493e-02   5.7040103e-02   3.2956145e-02   1.1048324e-01   2.9475908e-02
   6.6400000e+01   8.2240266e-02   5.1237978e-02   7.9306462e-02   9.7006963e-02   2.8744307e-02
   6.6500000e+01   6.6597029e-02   4.1379533e-02   1.0237683e-01   9.3651291e-02   1.5905446e-02
   6.6600000e+01   6.6795651e-02   5.4599368e-02   1.0394293e-01   7.7207509e-02   2.5795246e-02
   6.6700000e+01   6.7957234e-02   5.1037593e-02   9.2014121e-02   6.6238517e-02   3.3830735e-02
   6.6800000e+01   5.7250417e-02   6.0030148e-02   7.8170828e-02   6.7078616e-02   4.4627754e-02
   6.6900000e+01   5.2726819e-02   7.0587393e-02   6.6447525e-02   6.7006304e-02   3.4236613e-02
   6.7000000e+01   6.4929442e-02   6.5798628e-02   5.9216911e-02   6.1498942e-02   2.8897642e-02
   6.7100000e+01   5.8236634e-02   5.9585812e-02   5.8144308e-02   5.7043920e-02   3.3168092e-02
   6.7200000e+01   8.0707117e-02   5.8967457e-02   6.7187184e-02   4.9597668e-02   2.1949581e-02
   6.7300000e+01   9.7573900e-02   6.9287512e-02   5.6230121e-02   4.2463986e-02   2.2378690e-02
   6.7400000e+01   9.7992302e-02   6.7160087e-02   7.3349208e-02   5.0556174e-02   1.6007059e-02
   6.7500000e+01   7.9147665e-02   5.1155262e-02   6.2633114e-02   5.1709782e-02   3.0212769e-02
   6.7600000e+01   6.7808928e-02   5.1531987e-02   5.7273551e-02   4.2472790e-02   4.1990738e-02
   6.7700000e+01   7.5982680e-02   4.6443402e-02   5.4759057e-02   3.8295079e-02   2.5304837e-02
   6.7800000e+01   7.7185083e-02   6.6083947e-02   4.9818604e-02   4.3430277e-02   3.1120006e-02
   6.7900000e+01   7.6573765e-02   5.8469142e-02   6.3433500e-02   4.1200605e-02   2.3012766e-02
   6.8000000e+01   7.6307508e-02   4.2426336e-02   7.8423067e-02   5.1155473e-02   3.5793075e-02
   6.8100000e+01   7.0393161e-02   3.9558481e-02   1.1389348e-01   5.7188291e-02   3.8605454e-02
   6.8200000e+01   7.1537293e-02   3.4641606e-02   1.0145564e-01   7.8164199e-02   3.6794553e-02
   6.8300000e+01   5.6257466e-02   4.1502221e-02   1.0908118e-01   9.0687697e-02   2.3504612e-02
   6.8400000e+01   6.5861729e-02   3.0824576e-02   9.0775803e-02   7.8388465e-02   2.3341272e-02
   6.8500000e+01   6.4031421e-02   2.4113851e-02   7.8496460e-02   7.4797973e-02   3.2215121e-02
   6.8600000e+01   4.9756694e-02   1.8756476e-02   6.5494797e-02   5.9426721e-02   2.7188450e-02
   6.8700000e+01   5.0608546e-02   2.9843261e-02   6.1112043e-02   6.5723050e-02   2.4396169e-02
   6.8800000e+01   5.6226059e-02   2.1679805e-02   5.7404750e-02   6.1440438e-02   2.3991369e-02
   6.8900000e+01   6.1031062e-02   3.1453150e-02   4.8227536e-02   5.2519716e-02   2.8637788e-02
   6.9000000e+01   5.3697394e-02   2.7059385e-02   5.7298693e-02   4.1396374e-02   1.9967387e-02
   6.9100000e+01   5.4996527e-02   2.8093770e-02   6.4217990e-02   3.9121232e-02   1.8432746e-02
   6.9200000e+01   5.3451740e-02   1.2830825e-02   4.4112206e-02   3.7555240e-02   1.7343415e-02
   6.9300000e+01   4.5694592e-02   9.9261499e-03   5.7407283e-02   3.5809168e-02   2.5171855e-02
   6.9400000e+01   4.9236135e-02   2.6643825e-02   7.0497669e-02   3.4250366e-02   3.6440184e-02
   6.9500000e+01   4.5710568e-02   1.8448990e-02   5.8139476e-02   2.1149784e-02   2.4437243e-02
   6.9600000e+01   4.5387420e-02   2.2791485e-02   5.3685013e-02   3.3965752e-02   3.9079772e-02
   6.9700000e+01   4.3067303e-02   1.3425999e-02   5.2343689e-02   4.4430921e-02   4.7073472e-02
   6.9800000e+01   4.3417825e-02   1.9294534e-02   4.8432276e-02   4.5738579e-02   4.9267721e-02
   6.9900000e+01   4.8414638e-02   2.0040519e-02   4.9416312e-02   6.1568417e-02   5.1616730e-02
   7.0000000e+01   3.9360757e-02   2.8713224e-02   4.4774909e-02   6.4417015e-02   4.5318139e-02
   7.0100000e+01   3.7567899e-02   2.5536999e-02   5.9689976e-02   6.9659753e-02   4.4455248e-02
   7.0200000e+01   2.1742722e-02   3.0389874e-02   6.0676282e-02   5.3484921e-02   4.6218308e-02
   7.0300000e+01   4.3136799e-02   4.1736689e-02   4.6276099e-02   4.6377639e-02   4.8492017e-02
   7.0400000e+01   4.5910071e-02   4.1749504e-02   5.2085805e-02   3.3807097e-02   4.2648236e-02
   7.0500000e+01   4.1202964e-02   5.5586398e-02   5.3070822e-02   3.1743865e-02   4.6326495e-02
   7.0600000e+01   4.2793016e-02   3.4055093e-02   8.1908668e-02   4.7400563e-02   5.0117105e-02
   7.0700000e+01   3.3309360e-02   3.2075518e-02   9.8663635e-02   4.2789762e-02   4.0491554e-02
   7.0800000e+01   4.7735482e-02   3.0040823e-02   1.0649305e-01   3.6586030e-02   4.7175773e-02
   7.0900000e+01   3.7556758e-02   2.8899268e-02   9.8110658e-02   3.6273688e-02   3.6483322e-02
   7.1000000e+01   4.9082867e-02   3.7345333e-02   8.3271205e-02   2.2164896e-02   3.5170162e-02
   7.1100000e+01   4.8360670e-02   4.4273398e-02   7.5661201e-02   2.2697694e-02   3.3772991e-02
   7.1200000e+01   6.0257352e-02   5.2197463e-02   7.9577188e-02   2.3705462e-02   4.9572560e-02
   7.1300000e+01   8.3759035e-02   4.6570048e-02   5.8253345e-02   1.7072720e-02   3.8460939e-02
   7.1400000e+01   8.3562267e-02   4.4601592e-02   5.1845481e-02   2.2433758e-02   5.2999968e-02
   7.1500000e+01   7.2635790e-02   4.0202817e-02   5.9755348e-02   2.3321656e-02   4.7835248e-02
   7.1600000e+01   6.3597023e-02   3.9871772e-02   5.7974354e-02   2.1236035e-02   4.8975817e-02
   7.1700000e+01   6.7514275e-02   4.4452407e-02   9.5251601e-02   1.4010393e-02   3.9518906e-02
   7.1800000e+01   5.2045378e-02   4.1384612e-02   1.3119077e-01   3.2748771e-02   4.4801415e-02
   7.1900000e+01   4.4965271e-02   3.3509857e-02   1.2210949e-01   4.1980799e-02   3.4089975e-02
   7.2000000e+01   4.0941103e-02   3.7162732e-02   1.0349416e-01   5.1548847e-02   4.0846864e-02
   7.2100000e+01   4.4619696e-02   4.9606177e-02   9.3755927e-02   5.0860065e-02   3.7864643e-02
   7.2200000e+01   3.1154531e-02   4.2111611e-02   8.3473254e-02   4.3938093e-02   2.7407752e-02
   7.2300000e+01   2.9642538e-02   4.0083536e-02   7.8463731e-02   3.2772491e-02   3.0059071e-02
   7.2400000e+01   4.6992164e-02   4.5886471e-02   5.9122817e-02   3.6129209e-02   2.3863881e-02
   7.2500000e+01   5.4749556e-02   3.6026946e-02   6.3237904e-02   5.8163677e-02   2.8405040e-02
   7.2600000e+01   4.5681159e-02   4.2555881e-02   5.9285890e-02   6.7108076e-02   2.2418079e-02
   7.2700000e+01   3.7377591e-02   3.0444806e-02   5.9208667e-02   7.1418394e-02   3.5673648e-02
   7.2800000e+01   5.5334494e-02   2.4174251e-02   5.3817544e-02   8.6805862e-02   3.9698258e-02
   7.2900000e+01   5.2338527e-02   2.6057856e-02   6.8164100e-02   9.5696490e-02   3.3914147e-02
   7.3000000e+01   5.6810120e-02   2.3561311e-02   5.7509857e-02   9.1464718e-02   4.1550456e-02
   7.3100000e+01   5.4063242e-02   2.2403635e-02   6.5643783e-02   8.4530046e-02   4.9795855e-02
   7.3200000e+01   4.3943375e-02   2.7019750e-02   6.1366080e-02   7.5189534e-02   6.3996905e-02
   7.3300000e+01   5.3046617e-02   1.4196245e-02   6.2283247e-02   6.9056112e-02   3.8840474e-02
   7.3400000e+01   5.0458330e-02   3.2805910e-02   6.1793203e-02   6.6955860e-02   4.5495943e-02
   7.3500000e+01   5.0371253e-02   2.6934275e-02   4.8868220e-02   6.3512598e-02   4.9711512e-02
   7.3600000e+01   3.8089185e-02   3.4820130e-02   4.9868596e-02   7.2601087e-02   4.7734081e-02
   7.3700000e+01   4.4138258e-02   2.5806765e-02   5.9098133e-02   5.7574235e-02   4.0549611e-02
   7.3800000e+01   4.3804891e-02   2.6045860e-02   8.3864379e-02   5.8068153e-02   4.3471930e-02
   7.3900000e+01   3.1591167e-02   2.3861044e-02   7.4849216e-02   5.8256071e-02   3.6523519e-02
   7.4000000e+01   3.8196899e-02   1.6714219e-02   7.3602813e-02   5.5544959e-02   4.0932448e-02
   7.4100000e+01   3.8168685e-02   2.2920944e-02   7.1072849e-02   6.4110197e-02   2.8399368e-02
   7.4200000e+01   2.9755100e-02   2.0109029e-02   6.9978446e-02   6.6365995e-02   3.9924497e-02
   7.4300000e+01   3.4263625e-02   2.0535684e-02   6.6527882e-02   5.5444583e-02   4.4539436e-02
   7.4400000e+01   2.9715686e-02   2.5780419e-02   6.1374689e-02   5.1838401e-02   3.7406315e-02
   7.4500000e+01   2.6937579e-02   6.9675238e-03   6.2470636e-02   5.5280389e-02   3.2317034e-02
   7.4600000e+01   3.5221055e-02   1.3436169e-02   5.9370752e-02   6.1663948e-02   3.3522234e-02
   7.4700000e+01   2.5557588e-02   1.5905394e-02   5.4940709e-02   5.2472716e-02   2.7372003e-02
   7.4800000e+01   1.6054957e-02   2.1099128e-02   6.5496675e-02   3.9842024e-02   2.6202642e-02
   7.4900000e+01   1.8663269e-02   1.0409423e-02   6.3373492e-02   4.0047922e-02   3.2784091e-02
   7.5000000e+01   1.9590102e-02   4.6276782e-03   6.4688959e-02   3.9971000e-02   3.2527721e-02
   7.5100000e+01   2.7339619e-02   2.2451743e-02   5.6490135e-02   3.8460748e-02   2.5375910e-02
   7.5200000e+01   2.8611245e-02   1.1992528e-02   6.9962832e-02   6.3785966e-02   3.1782229e-02
   7.5300000e+01   2.1021690e-02   1.8336813e-02   6.6075778e-02   6.1486324e-02   2.9620398e-02
   7.5400000e+01   1.6704533e-02   1.7477208e-02   6.1330265e-02   6.5511052e-02   3.1633238e-02
   7.5500000e+01   1.7424695e-02   1.8992793e-02   7.4897232e-02   7.0753641e-02   3.3420387e-02
   7.5600000e+01   2.4444044e-02   1.2163257e-02   5.8612228e-02   7.0639039e-02   3.7247306e-02
   7.5700000e+01   2.0465530e-02   1.5459712e-02   7.3015385e-02   7.4680347e-02   2.4062045e-02
   7.5800000e+01   2.0971673e-02   1.2534527e-02   7.8684041e-02   6.2277655e-02   2.7615504e-02
   7.5900000e+01   2.6969944e-02   1.3898022e-02   9.3697858e-02   5.5004953e-02   3.4909794e-02
   7.6000000e+01   2.1833875e-02   1.6544327e-02   8.8323565e-02   6.4349851e-02   2.8194963e-02
   7.6100000e+01   1.3880671e-02   1.4734442e-02   8.2653551e-02   7.2306959e-02   1.3117472e-02
   7.6200000e+01   3.7869925e-02   1.4351087e-02   7.2247848e-02   8.0640317e-02   1.7902921e-02
   7.6300000e+01   2.5204897e-02   1.4946342e-02   6.9338804e-02   1.1087525e-01   2.9996411e-02
   7.6400000e+01   2.5091517e-02   1.9662587e-02   7.3991101e-02   1.2769607e-01   3.8454360e-02
   7.6500000e+01   1.8416611e-02   1.6684871e-02   5.3967727e-02   1.5103550e-01   2.6114659e-02
   7.6600000e+01   2.9510402e-02   1.8276426e-02   5.6784344e-02   1.5359153e-01   2.7517978e-02
   7.6700000e+01   3.8430306e-02   1.2542041e-02   6.6559771e-02   1.4213606e-01   2.5851437e-02
   7.6800000e+01   2.5017155e-02   2.5694196e-02   5.2299067e-02   1.0752809e-01   2.3710767e-02
   7.6900000e+01   4.0652741e-02   3.1225721e-02   6.8702864e-02   1.0072971e-01   3.1941766e-02
   7.7000000e+01   3.6634966e-02   3.4608946e-02   6.1830530e-02   9.3940742e-02   2.2008235e-02
   7.7100000e+01   5.1518477e-02   2.7063481e-02   7.3368407e-02   9.1353770e-02   2.4226974e-02
   7.7200000e+01   5.7943510e-02   2.7291026e-02   6.6347814e-02   8.0971498e-02   2.1474744e-02
   7.7300000e+01   4.9404153e-02   2.1467830e-02   5.5473150e-02   8.4998126e-02   2.9415073e-02
   7.7400000e+01   4.8121395e-02   2.8713275e-02   5.9701007e-02   7.0871434e-02   2.7037412e-02
   7.7500000e+01   4.4673058e-02   3.4577820e-02   5.5832703e-02   6.5393363e-02   2.6261631e-02
   7.7600000e+01   5.4140930e-02   3.8500595e-02   4.8410490e-02   6.1876461e-02   2.1851571e-02
   7.7700000e+01   4.2409263e-02   3.1065700e-02   5.1538557e-02   5.5687779e-02   2.0426340e-02
   7.7800000e+01   4.3239876e-02   2.8673725e-02   8.9571633e-02   5.3805897e-02   2.4188239e-02
   7.7900000e+01   3.9595623e-02   3.4466660e-02   7.4920410e-02   6.1831345e-02   1.7149418e-02
   7.8000000e+01   3.8307024e-02   2.7472475e-02   8.1219226e-02   5.9247423e-02   1.1364767e-02
   7.8100000e+01   3.4734756e-02   2.6766290e-02   7.7986653e-02   4.8499891e-02   1.1745487e-02
   7.8200000e+01   2.8929677e-02   3.4650774e-02   7.4253580e-02   5.5569509e-02   1.6631826e-02
   7.8300000e+01   2.7108438e-02   3.0243719e-02   6.8260116e-02   4.3446427e-02   1.9955615e-02
   7.8400000e+01   2.5351831e-02   2.5122714e-02   8.1072603e-02   4.2670195e-02   1.7540434e-02
   7.8500000e+01   2.9322691e-02   1.8950869e-02   6.9424759e-02   5.1487304e-02   1.8719894e-02
   7.8600000e+01   2.1491997e-02   2.6167454e-02   7.0216856e-02   5.7218872e-02   2.3749873e-02
   7.8700000e+01   1.9957529e-02   2.2202739e-02   6.7626163e-02   5.8761230e-02   2.2251972e-02
   7.8800000e+01   2.0788862e-02   2.3676524e-02   5.9162649e-02   5.2706738e-02   1.8254501e-02
   7.8900000e+01   3.1904639e-02   2.2224989e-02   4.9748846e-02   5.4000316e-02   2.2046510e-02
   7.9000000e+01   4.0440692e-02   1.3912693e-02   4.3878682e-02   4.2129594e-02   2.0453240e-02
   7.9100000e+01   2.5236250e-02   6.6118383e-03   5.1131049e-02   4.4484322e-02   1.7792029e-02
   7.9200000e+01   2.1597412e-02   1.8411733e-02   4.1674975e-02   3.0680910e-02   2.5080381e-03
   7.9300000e+01   2.2291373e-02   4.0217281e-03   4.5227372e-02   3.4668098e-02   2.1576374e-03
   7.9400000e+01   2.3897618e-02   1.5493253e-02   4.4277569e-02   2.5379877e-02   7.5845066e-03
   7.9500000e+01   3.3718585e-02   1.8604678e-02   5.0088425e-02   2.0129715e-02   9.4556658e-03
   7.9600000e+01   2.6140676e-02   1.9133833e-02   5.1180902e-02   1.6542323e-02   1.7264435e-02
   7.9700000e+01   2.8789032e-02   2.1747678e-02   5.8873208e-02   3.1589341e-02   1.7188784e-02
   7.9800000e+01   3.9401688e-02   2.5083943e-02   5.2325605e-02   4.7962329e-02   3.4288735e-03
   7.9900000e+01   4.3267271e-02   1.9068917e-02   4.7853212e-02   4.2901177e-02   1.4684543e-02
   8.0000000e+01   3.4420716e-02   1.9603882e-02   4.1672758e-02   5.4988625e-02   5.5103219e-03
   8.0100000e+01   3.9251877e-02   2.3472587e-02   5.3368515e-02   5.8444203e-02   8.0397912e-03
   8.0200000e+01   5.1631259e-02   2.4006012e-02   4.2549211e-02   7.0029721e-02   4.5157104e-03
   8.0300000e+01   4.1691693e-02   2.9294647e-02   3.5059218e-02   6.1708389e-02   4.4317696e-03
   8.0400000e+01   4.1131149e-02   1.8402762e-02   5.2294945e-02   5.9458948e-02   1.1737379e-02
   8.0500000e+01   5.0190367e-02   1.2506667e-02   5.4512521e-02   6.0878276e-02  -2.7779119e-03
   8.0600000e+01   4.9316399e-02   1.8889892e-02   5.4823618e-02   9.4553054e-02   6.2513773e-03
   8.0700000e+01   5.3656292e-02   9.8624164e-03   6.1197434e-02   1.0236338e-01  -4.5957235e-03
   8.0800000e+01   4.2077180e-02   1.1681391e-02   6.0301731e-02   1.1791601e-01   7.6537758e-03
   8.0900000e+01   4.3187037e-02   1.6810106e-02   6.6032838e-02   1.2546004e-01   1.4776105e-02
   8.1000000e+01   4.1236590e-02   2.8287531e-02   7.7358414e-02   1.1342177e-01   7.2555342e-03
   8.1100000e+01   4.0858650e-02   3.3494026e-02   9.4566661e-02   1.0276869e-01   3.3081534e-03
   8.1200000e+01   3.7095359e-02   3.4847731e-02   1.1082277e-01   1.0194982e-01  -3.4690473e-03
   8.1300000e+01   3.7963967e-02   3.4690436e-02   1.1951719e-01   1.0047065e-01   4.2414119e-03
   8.1400000e+01   4.6600260e-02   3.8761581e-02   1.2349952e-01   7.5454479e-02   1.5004571e-02
   8.1500000e+01   4.6964453e-02   2.9131446e-02   1.1216965e-01   7.9413607e-02   2.0208590e-02
   8.1600000e+01   3.1224760e-02   3.4803240e-02   1.0214902e-01   6.6644945e-02   1.0447010e-02
   8.1700000e+01   3.2736596e-02   1.8759645e-02   9.8978810e-02   6.7546913e-02   1.1838599e-02
   8.1800000e+01   3.1678290e-02   1.1978370e-02   8.5658397e-02   7.0779591e-02   1.4136118e-02
   8.1900000e+01   3.0761678e-02   2.7009295e-02   8.1968634e-02   7.5212419e-02   2.1331127e-02
   8.2000000e+01   2.7724200e-02   3.7472560e-02   6.4502630e-02   7.0453147e-02   2.3718376e-02
   8.2100000e+01   2.9742479e-02   4.3480005e-02   7.6586557e-02   7.8242075e-02   1.1098156e-02
   8.2200000e+01   3.6756889e-02   3.7629810e-02   7.8150113e-02   7.7873903e-02   1.8212315e-02
   8.2300000e+01   4.2027338e-02   4.9035035e-02   7.0253530e-02   8.4136131e-02   1.7959294e-02
   8.2400000e+01   3.9925157e-02   4.1681999e-02   6.8412956e-02   6.5987350e-02   1.3072834e-03
   8.2500000e+01   3.9400192e-02   3.3325374e-02   5.5779963e-02   6.7394118e-02   3.1772226e-03
   8.2600000e+01   3.7282707e-02   3.9596439e-02   5.9135390e-02   7.2669116e-02   1.5879772e-02
   8.2700000e+01   3.0476006e-02   3.8121904e-02   5.8871456e-02   6.6295304e-02   5.6466511e-03
   8.2800000e+01   3.7274809e-02   3.6354069e-02   6.0570123e-02   6.9940472e-02   1.0244130e-02
   8.2900000e+01   3.8927843e-02   3.7480664e-02   6.1557219e-02   5.3367320e-02   2.2828930e-02
   8.3000000e+01   4.5699982e-02   4.4304219e-02   5.9286396e-02   6.1572358e-02   1.4317429e-02
   8.3100000e+01   4.4393705e-02   5.3132734e-02   5.6419593e-02   5.2926476e-02   2.0283658e-02
   8.3200000e+01   4.1759910e-02   4.5161629e-02   4.1133989e-02   4.6326644e-02   1.2744747e-02
   8.3300000e+01   4.2207801e-02   5.0041963e-02   5.1728266e-02   4.7316943e-02   1.0331396e-02
   8.3400000e+01   2.9600217e-02   4.9592068e-02   5.7606462e-02   4.6479801e-02   4.1075956e-03
   8.3500000e+01   2.2105575e-02   4.5320043e-02   5.7686979e-02   3.6859499e-02   1.2822895e-02
   8.3600000e+01   2.4089370e-02   4.4082618e-02   5.2552266e-02   5.1643257e-02   1.1553984e-02
   8.3700000e+01   3.2993923e-02   4.9742663e-02   5.4875812e-02   6.4603945e-02   8.8112233e-03
   8.3800000e+01   2.3646788e-02   3.7884598e-02   4.9524779e-02   8.0772953e-02   1.8172226e-03
   8.3900000e+01   2.1701286e-02   3.3531573e-02   3.3241385e-02   6.2729261e-02   8.7650918e-03
   8.4000000e+01   2.4189307e-02   3.0001458e-02   6.0676572e-02   8.0969609e-02   2.5133711e-02
   8.4100000e+01   1.7454451e-02   3.1836522e-02   5.0716379e-02   8.2350137e-02   2.7145030e-02
   8.4200000e+01   1.7879304e-02   2.4630727e-02   6.0170945e-02   6.0689045e-02   2.8852459e-02
   8.4300000e+01   1.9381077e-02   2.2206482e-02   5.1832952e-02   6.6905394e-02   2.9252159e-02
   8.4400000e+01   2.0319969e-02   1.1334107e-02   5.6315338e-02   9.5978922e-02   1.8651838e-02
   8.4500000e+01   1.8009902e-02   2.1994752e-02   6.1726465e-02   1.2093005e-01   2.2981997e-02
   8.4600000e+01   1.8221194e-02   1.8950737e-02   5.0111322e-02   1.2974218e-01   1.9059066e-02
   8.4700000e+01   1.7313247e-02   2.6155382e-02   8.0729348e-02   1.3563881e-01   2.2289596e-02
   8.4800000e+01   2.9250023e-02   1.7027877e-02   8.0436335e-02   1.3279753e-01   1.7496985e-02
   8.4900000e+01   2.8211891e-02   2.4106221e-02   7.8034421e-02   1.4731336e-01   1.4876474e-02
   8.5000000e+01   2.2127755e-02   1.4176056e-02   6.9126048e-02   1.5558309e-01   8.4053733e-03
   8.5100000e+01   2.9948105e-02   3.4945321e-02   5.9659464e-02   1.7443862e-01   9.0881325e-03
   8.5200000e+01   3.8872471e-02   4.4811946e-02   6.5285531e-02   1.7847575e-01   5.7025217e-03
   8.5300000e+01   3.0984488e-02   3.9449571e-02   7.1110008e-02   1.7691477e-01  -6.0263905e-04
   8.5400000e+01   2.3037225e-02   4.0206196e-02   7.5601804e-02   1.5588740e-01   1.2448310e-02
   8.5500000e+01   2.6740712e-02   3.7309311e-02   5.9777041e-02   1.2871293e-01   1.4104329e-02
   8.5600000e+01   2.8242019e-02   3.9925776e-02   6.1688317e-02   1.1359696e-01   8.0405886e-03
   8.5700000e+01   2.8510635e-02   4.0561401e-02   8.1449444e-02   1.2451739e-01   1.1964968e-02
   8.5800000e+01   5.5483836e-02   4.0309385e-02   7.8409051e-02   1.1894212e-01   8.4537871e-03
   8.5900000e+01   6.5205589e-02   2.7935380e-02   7.6408127e-02   1.1604824e-01   1.9306466e-02
   8.6000000e+01   6.1527881e-02   3.9060775e-02   6.7889774e-02   1.1775057e-01   2.8441366e-02
   8.6100000e+01   6.4301084e-02   2.2444590e-02   7.8000530e-02   9.7568099e-02   1.8049445e-02
   8.6200000e+01   6.2737616e-02   3.6740705e-02   5.9255527e-02   8.2021227e-02   1.6921024e-02
   8.6300000e+01   5.5281769e-02   1.7401500e-02   8.0489274e-02   1.0341956e-01   1.0246113e-02
   8.6400000e+01   5.2213742e-02   1.8727805e-02   7.8180610e-02   1.0047598e-01   1.9932652e-02
   8.6500000e+01   3.8369187e-02   2.2384590e-02   6.3031547e-02   1.0178591e-01   1.3330832e-02
   8.6600000e+01   3.8486259e-02   3.3339604e-02   7.5329153e-02   8.1188140e-02   9.5793109e-03
   8.6700000e+01   2.2201110e-02   1.5313279e-02   5.8945140e-02   5.4428788e-02   7.3525001e-03
   8.6800000e+01   3.4829116e-02   2.1877454e-02   6.9346797e-02   5.5899726e-02   1.2194459e-02
   8.6900000e+01   3.9457398e-02   2.7843609e-02   5.3659023e-02   6.0981154e-02   2.0714059e-02
   8.7000000e+01   3.5826995e-02   2.0605444e-02   6.6122400e-02   6.6185252e-02   1.3673328e-02
   8.7100000e+01   3.3825010e-02   2.8008729e-02   6.8681666e-02   5.9785430e-02   1.5618087e-02
   8.7200000e+01   3.8675046e-02   4.3698014e-02   6.3927503e-02   6.0630268e-02   2.0521026e-02
   8.7300000e+01   3.6479543e-02   5.0176699e-02   8.6624360e-02   6.8810537e-02   2.3547095e-02
   8.7400000e+01   3.9414524e-02   3.9938014e-02   7.8959676e-02   7.1466965e-02   3.0725525e-02
   8.7500000e+01   3.1331451e-02   4.8342818e-02   7.1747013e-02   8.5293493e-02   2.6164934e-02
   8.7600000e+01   4.2420493e-02   5.6153383e-02   7.0421929e-02   9.9396321e-02   2.8763923e-02
   8.7700000e+01   4.9028046e-02   5.4842178e-02   4.9223026e-02   8.8731049e-02   2.9677772e-02
   8.7800000e+01   4.1862971e-02   4.5891183e-02   5.3028772e-02   7.4037677e-02   2.0077492e-02
   8.7900000e+01   5.4466021e-02   4.1005318e-02   7.4134179e-02   5.6709145e-02   1.4461641e-02
   8.8000000e+01   4.0787439e-02   4.7037663e-02   8.5832186e-02   5.2865383e-02   1.4609790e-02
   8.8100000e+01   4.0775011e-02   3.7664978e-02   7.5510452e-02   5.8044081e-02   1.0997229e-02
   8.8200000e+01   3.8993708e-02   4.6297953e-02   7.1504829e-02   5.1772720e-02   2.2270229e-02
   8.8300000e+01   4.5914332e-02   4.7424597e-02   5.1700255e-02   5.6830838e-02   1.8642608e-02
   8.8400000e+01   4.4921314e-02   6.6143172e-02   5.5810562e-02   3.9208006e-02   1.6486517e-02
   8.8500000e+01   4.8524257e-02   6.7034937e-02   5.0740999e-02   3.6657384e-02   2.7025876e-02
   8.8600000e+01   5.2088760e-02   7.7495052e-02   5.7917685e-02   3.7762862e-02   3.2005645e-02
   8.8700000e+01   5.6979942e-02   7.7177367e-02   5.1134372e-02   5.2360050e-02   2.7003485e-02
   8.8800000e+01   6.0391865e-02   8.0509682e-02   6.7673048e-02   4.2722718e-02   3.1458474e-02
   8.8900000e+01   6.1056727e-02   7.0636597e-02   7.1178205e-02   4.9816066e-02   2.8111993e-02
   8.9000000e+01   5.2354200e-02   5.9371072e-02   7.8200032e-02   5.1399974e-02   2.6084682e-02
   8.9100000e+01   5.4697053e-02   7.1734927e-02   7.5419018e-02   7.5444042e-02   3.0468062e-02
   8.9200000e+01   3.9728081e-02   6.1963211e-02   8.6220795e-02   6.3682171e-02   2.1346541e-02
   8.9300000e+01   4.1172900e-02   5.7415516e-02   6.5398831e-02   7.6130499e-02   1.9679240e-02
   8.9400000e+01   2.7747616e-02   3.9376311e-02   7.6429218e-02   6.2133727e-02   2.1222839e-02
   8.9500000e+01   3.4653441e-02   3.8089296e-02   6.6180315e-02   5.5907495e-02   3.1260738e-02
   8.9600000e+01   3.8623581e-02   3.4013701e-02   6.7789511e-02   4.6278383e-02   1.6706998e-02
   8.9700000e+01   2.7439427e-02   3.9753056e-02   7.1131738e-02   3.3977081e-02   1.6629337e-02
   8.9800000e+01   2.6565647e-02   4.0071931e-02   7.6873394e-02   2.4086789e-02   1.1927796e-02
   8.9900000e+01   3.2246676e-02   3.8930606e-02   6.2708671e-02   2.2092907e-02   2.0900545e-02
   9.0000000e+01   3.8019127e-02   3.8104930e-02   7.6772988e-02   3.7583805e-02   2.1942115e-02
